0.7500
0.7962
0.8123
0.8168
0.8265
0.8551
0.9158
0.9326
0.9379
0.9344
0.9225
0.8964
0.8851
0.8915
0.8987
0.9015
0.9099
0.9224
0.9263
0.9225
0.9238
0.9337
0.9438
0.9487
0.9498
0.9488
0.9450
0.9386
0.9342
0.9349
0.9399
0.9515
0.9685
0.9773
0.9675
0.9476
0.9336
0.9315
0.9375
0.9435
0.9413
0.9256
0.9406
0.9275
0.9067
0.8828
0.8620
0.8487
0.8422
0.8370
0.8302
0.8266
0.8764
0.8847
0.8944
0.9070
0.9193
0.9249
0.9265
0.9304
0.9333
0.9306
0.9277
0.9290
0.9252
0.9068
0.8863
0.8863
0.9068
0.9252
0.9289
0.9265
0.9262
0.9250
0.9212
0.9190
0.9211
0.9237
0.9206
0.9140
0.9140
0.9207
0.9250
0.9265
0.9304
0.9333
0.9304
0.9265
0.9250
0.9206
0.9127
0.9082
0.9053
0.8946
0.8749
0.8542
0.8404
0.8347
0.8335
0.8333
0.8333
0.8333
0.8333
0.8333
0.8333
0.8235
0.8668
0.8682
0.8733
0.8818
0.8865
0.8835
0.8817
0.8917
0.9098
0.9234
0.9250
0.9178
0.9124
0.9168
0.9286
0.9284
0.9210
0.9041
0.8764
0.8998
0.8864
0.8737
0.8717
0.8723
0.8889
