0.9230
0.9229
0.9232
0.9240
0.9221
0.9214
0.9189
0.9184
0.9175
0.9173
0.9152
0.9128
0.9097
0.9076
0.9061
0.9044
0.9031
0.9030
0.9052
0.9073
0.9095
0.9109
0.9117
0.9118
0.9100
0.9089
0.9089
0.9080
0.9097
0.9091
0.9080
0.9060
0.9046
0.9045
0.9046
0.9037
0.9043
0.9038
0.9041
0.9022
0.9009
0.8997
0.8992
0.8975
0.8969
0.8966
0.8945
0.8919
0.8933
0.8948
0.8963
0.8990
0.9008
0.9010
0.8996
0.8980
0.8993
0.8981
0.8972
0.8945
0.8913
0.8890
0.8876
0.8877
0.8867
0.8860
0.8878
0.8880
0.8878
0.8876
0.8865
0.8864
0.8844
0.8828
0.8811
0.8790
0.8782
0.8759
0.8738
0.8718
0.8699
0.8695
0.8711
0.8723
0.8724
0.8718
0.8717
0.8715
0.8696
0.8680
0.8680
0.8697
0.8722
0.8738
0.8750
0.8764
0.8772
0.8762
0.8733
0.8703
0.8679
0.8662
0.8656
0.8664
0.8695
0.8720
0.8748
0.8756
0.8763
0.8757
0.8735
0.8713
0.8681
0.8643
0.8642
0.8634
0.8637
0.8638
0.8666
0.8677
0.8682
0.8663
0.8625
0.8588
0.8570
0.8580
0.8581
0.8596
0.8602
0.8610
0.8621
0.8634
0.8646
0.8651
0.8656
0.8643
0.8630
0.8643
0.8643
0.8638
0.8636
0.8631
0.8629
0.8606
0.8593
0.8597
0.8597
0.8594
0.8583
0.8594
0.8606
0.8623
0.8642
0.8645
0.8648
0.8651
0.8661
0.8670
0.8677
0.8685
0.8697
0.8706
0.8702
0.8697
0.8705
0.8714
0.8706
0.8684
0.8675
0.8659
0.8658
0.8654
0.8653
0.8644
0.8645
0.8629
0.8613
0.8599
0.8587
0.8588
0.8585
0.8593
0.8599
0.8596
0.8618
0.8627
0.8626
0.8621
0.8607
0.8605
0.8593
0.8600
0.8601
0.8604
0.8603
0.8621
0.8615
0.8635
0.8647
0.8641
0.8626
0.8613
0.8624
0.8624
0.8621
0.8615
0.8596
0.8582
0.8570
0.8563
0.8545
0.8527
0.8534
0.8544
0.8559
0.8559
0.8550
0.8557
0.8556
0.8557
0.8546
0.8537
0.8538
0.8522
0.8506
0.8487
0.8475
0.8472
0.8473
0.8471
0.8486
0.8492
0.8507
0.8524
0.8536
0.8550
0.8555
0.8543
0.8520
0.8489
0.8490
0.8497
0.8495
0.8483
0.8471
0.8455
0.8445
0.8426
0.8427
0.8449
0.8493
0.8535
0.8554
0.8559
0.8551
0.8557
0.8552
0.8556
0.8561
0.8567
0.8570
0.8591
0.8596
0.8609
0.8605
0.8594
0.8616
0.8630
0.8614
0.8610
0.8601
0.8594
0.8582
0.8567
0.8557
0.8557
0.8559
0.8554
0.8558
0.8565
0.8568
0.8598
0.8596
0.8600
0.8616
0.8645
0.8659
0.8649
0.8635
0.8626
0.8623
0.8625
0.8598
0.8570
0.8554
0.8577
0.8594
0.8592
0.8600
0.8599
0.8592
0.8570
0.8548
0.8541
0.8533
0.8509
0.8486
0.8476
0.8479
0.8466
0.8464
0.8497
0.8531
0.8541
0.8541
0.8539
0.8515
0.8508
0.8502
0.8479
0.8417
0.8351
0.8337
0.8346
0.8315
0.8210
0.8138
0.8015
0.7843
0.7752
