0.8991
0.8887
0.8844
0.8882
0.8919
0.8936
0.8915
0.8915
0.8901
0.8870
0.8805
0.8769
0.8669
0.8566
0.8492
0.8468
0.8550
0.8634
0.8733
0.8816
0.8848
0.8889
0.8902
0.8969
0.9025
0.9058
0.9023
0.8965
0.9006
0.8992
0.8928
0.8893
0.8857
0.8893
0.8870
0.8899
0.8950
0.8982
0.8967
0.8975
0.8947
0.9007
0.9077
0.9132
0.9158
0.9157
0.9121
0.9122
0.9086
0.9068
0.9065
0.9057
0.9025
0.9029
0.9030
0.9038
0.9027
0.8973
0.8859
0.8748
0.8677
0.8693
0.8796
0.8905
0.8960
0.8995
0.9039
0.9080
0.9080
0.9069
0.9056
0.9030
0.8955
0.8886
0.8845
0.8838
0.8865
0.8929
0.8992
0.9038
0.9042
0.9013
0.8992
0.9045
0.9090
0.9113
0.9116
0.9109
0.9080
0.9040
0.9055
0.9033
0.8992
0.8955
0.8936
0.9006
0.8992
0.8967
0.8928
0.8971
0.8922
0.8871
0.8846
0.8814
0.8772
0.8764
0.8745
0.8700
0.8564
0.8421
0.8207
0.8315
0.8282
0.8424
