0.9059
0.8966
0.8982
0.8995
0.8996
0.8981
0.9043
0.9156
0.9237
0.9257
0.9296
0.9357
0.9392
0.9388
0.9391
0.9438
0.9516
0.9588
0.9639
0.9656
0.9639
0.9603
0.9585
0.9615
0.9552
0.9500
0.9480
0.9493
0.9543
0.9589
0.9618
0.9608
0.9564
0.9520
0.9493
0.9467
0.9490
0.9551
0.9604
0.9583
0.9473
0.9347
0.9315
0.9402
0.9520
0.9568
0.9523
0.9416
0.9305
0.9219
0.9191
0.9127
0.9186
0.9184
0.9171
0.9180
0.9238
0.9303
0.9355
0.9351
0.9328
0.9308
0.9276
0.9185
0.9100
0.9112
0.9210
0.9238
0.9254
0.9263
0.9250
0.9218
0.9214
0.9285
0.9374
0.9403
0.9332
0.9249
0.9228
0.9283
0.9332
0.9301
0.9184
0.9078
0.9005
0.8979
0.8931
0.8912
0.8818
0.8675
0.8557
0.8494
0.8476
0.8470
0.8539
0.8494
0.8332
0.8144
0.8125
0.8209
0.8541
0.8516
0.8435
0.8346
0.8266
0.8373
0.8290
0.8362
0.8218
0.8141
0.8071
0.8040
0.8114
0.8252
0.8340
0.8374
0.8400
0.8373
0.8342
0.8291
