0.8906
0.8818
0.8713
0.8688
0.8627
0.8645
0.8705
0.8698
0.8609
0.8508
0.8382
0.8296
0.8288
0.8377
0.8509
0.8555
0.8621
0.8548
0.8570
0.8607
0.8597
0.8514
0.8477
0.8491
0.8510
0.8493
0.8473
0.8458
0.8398
0.8321
0.8332
0.8593
0.8692
0.8722
0.8725
0.8776
0.8862
0.8916
0.8874
0.8748
0.8611
0.8521
0.8445
0.8336
0.8232
0.8190
0.8230
0.8317
0.8413
0.8489
0.8520
0.8672
0.8620
0.8594
0.8620
0.8648
0.8690
0.8680
0.8594
0.8397
0.8208
0.8081
0.8062
0.8113
0.8153
0.8151
0.8091
0.8163
0.8184
0.8202
0.8244
0.8307
0.8248
0.8082
0.7815
0.7538
0.7322
0.7155
0.7191
0.7285
0.7337
0.7335
0.7323
0.7324
0.7348
0.7403
0.7660
0.7695
0.7637
0.7485
0.7335
0.7266
0.7233
0.7157
0.6984
0.7287
0.7411
0.7535
0.7696
0.7905
0.8044
0.8046
0.8029
0.8278
0.8284
0.8199
0.8067
0.8131
0.8080
0.7943
0.7930
0.7984
0.8050
0.8047
0.8039
0.8089
0.8129
0.8066
0.8008
0.7977
0.8050
0.8183
0.8276
0.8290
0.8248
0.8185
0.8098
0.7898
0.7759
0.7707
0.7671
0.7619
0.7548
0.7442
0.7429
0.7499
0.7564
0.7633
0.7744
0.7817
0.7750
0.7601
0.7559
0.7712
0.7856
0.8010
0.8065
0.8076
0.8078
0.8087
0.8124
0.8203
0.8288
0.8259
0.8272
0.8237
0.8280
0.8263
0.8155
0.8021
0.7993
0.8104
0.8250
0.8355
0.8427
0.8388
0.8348
0.8251
0.8127
0.8015
0.7947
0.7922
0.7950
0.8053
0.8173
0.8241
0.8259
0.8261
0.8262
0.8271
0.8304
0.8359
0.8388
0.8349
0.8261
0.8171
0.8122
0.8098
0.7925
0.8059
0.7965
0.7718
0.7716
0.7637
0.7587
0.7543
0.7931
0.8016
0.8211
0.8348
0.8482
0.8471
