0.9079
0.9095
0.9025
0.9051
0.9084
0.9152
0.9221
0.9284
0.9308
0.9299
0.9277
0.9226
0.9197
0.9202
0.9225
0.9252
0.9275
0.9297
0.9296
0.9279
0.9235
0.9183
0.9131
0.9073
0.9012
0.8978
0.9017
0.9060
0.9052
0.9069
0.9052
0.9045
0.9047
0.9072
0.9109
0.9116
0.9129
0.9101
0.9103
0.9141
0.9185
0.9289
0.9299
0.9306
0.9298
0.9257
0.9190
0.9120
0.9096
0.9118
0.9143
0.9134
0.9104
0.9082
0.9078
0.9080
0.9097
0.9124
0.9152
0.9170
0.9183
0.9198
0.9201
0.9183
0.9162
0.9171
0.9181
0.9198
0.9199
0.9229
0.9267
0.9276
0.9260
0.9240
0.9213
0.9167
0.9158
0.9143
0.9169
0.9185
0.9166
0.9109
0.9062
0.9098
0.9128
0.9156
0.9130
0.9054
0.9027
0.9062
0.9090
0.9115
0.9120
0.9090
0.9090
0.9111
0.9120
0.9126
0.9101
0.9059
0.9020
0.8996
0.9010
0.9076
0.9056
0.9019
0.8986
0.9006
0.9025
0.9031
0.8989
0.8909
0.8861
0.8836
0.8802
0.8769
0.8730
0.8656
0.8537
0.8502
0.8423
0.8355
0.8329
