0.9265
0.9164
0.9165
0.9174
0.9079
0.8982
0.8930
0.9046
0.9005
0.8961
0.8929
0.8924
0.8978
0.9066
0.9124
0.9072
0.9088
0.8999
0.8920
0.8866
0.8836
0.8851
0.8944
0.9092
0.9227
0.9273
0.9289
0.9304
0.9318
0.9345
0.9355
0.9345
0.9318
0.9291
0.9255
0.9220
0.9161
0.9275
0.9235
0.9203
0.9189
0.9194
0.9193
0.9170
0.9162
0.9176
0.9227
0.9269
0.9282
0.9251
0.9192
0.9137
0.9153
0.9178
0.9110
0.8931
0.8763
0.8697
0.8708
0.8780
0.8884
0.8974
0.9012
0.9095
0.9199
0.9227
0.9158
0.9057
0.9023
0.9074
0.9136
0.9146
0.9155
0.9207
0.9256
0.9262
0.9268
0.9268
0.9268
0.9263
0.9244
0.9214
0.9202
0.9244
0.9313
0.9391
0.9440
0.9467
0.9473
0.9474
0.9474
0.9480
0.9500
0.9533
0.9545
0.9507
0.9440
0.9402
0.9414
0.9441
0.9441
0.9412
0.9374
0.9374
0.9407
0.9329
0.9147
0.8974
0.8791
0.8677
