0.9231
0.8032
0.7239
0.6463
0.6328
0.6723
0.7046
0.7081
0.7122
0.7277
0.7109
0.6688
0.6353
0.6042
0.6010
0.6357
0.6588
0.6889
0.6961
0.7317
0.7461
0.7462
0.7415
0.7181
0.7294
0.7890
0.8339
0.8787
0.8913
0.9087
0.9452
0.9794
0.9958
0.9996
0.9996
0.9961
0.9833
0.9622
0.9504
0.9583
0.9663
0.9545
0.9337
0.9244
0.9341
0.9583
0.9830
0.9961
0.9996
0.9996
0.9953
0.9800
0.9547
0.9409
0.9547
0.9800
0.9953
0.9996
1.0000
1.0000
1.0000
1.0000
1.0000
1.0000
1.0000
1.0000
1.0000
1.0000
1.0000
1.0000
1.0000
1.0000
0.9996
0.9953
0.9800
0.9542
0.9363
0.9346
0.9342
0.9312
0.9295
0.9146
0.8909
0.8951
0.9346
0.9753
0.9949
0.9996
0.9996
0.9953
0.9800
0.9433
0.9015
0.9244
0.9666
0.9922
0.9993
1.0000
1.0000
1.0000
1.0000
1.0000
1.0000
1.0000
1.0000
1.0000
1.0000
1.0000
1.0000
0.9993
0.9922
0.9666
0.9244
0.9015
0.9244
0.9666
0.9922
0.9993
1.0000
1.0000
1.0000
0.9993
0.9915
0.9582
0.8833
0.7926
0.7498
0.7901
0.8847
1.0000
1.0000
1.0000
1.0000
1.0000
1.0000
1.0000
1.0000
1.0000
1.0000
1.0000
1.0000
1.0000
1.0000
1.0000
1.0000
1.0000
1.0000
1.0000
1.0000
1.0000
1.0000
1.0000
1.0000
1.0000
1.0000
1.0000
1.0000
1.0000
1.0000
1.0000
1.0000
1.0000
1.0000
1.0000
1.0000
1.0000
1.0000
1.0000
1.0000
1.0000
1.0000
1.0000
1.0000
1.0000
1.0000
1.0000
1.0000
1.0000
1.0000
1.0000
1.0000
1.0000
1.0000
1.0000
1.0000
1.0000
1.0000
1.0000
1.0000
1.0000
0.9989
0.9873
0.9372
0.8239
0.6761
0.5628
0.5127
0.5011
0.5000
0.5000
0.5000
0.5000
0.5000
0.5000
0.5000
0.5011
0.5127
0.5628
0.6750
0.8112
0.8745
0.8112
0.6750
0.5628
0.5127
0.5011
0.5000
0.4989
0.4873
0.4372
0.3239
0.1761
0.0628
0.0127
0.0022
0.0000
0.0000
0.0000
0.0000
0.0000
0.0000
0.0000
0.0000
0.0000
0.0000
0.0000
0.0000
0.0000
0.0000
0.0000
0.0000
0.0000
0.0000
0.0000
0.0000
0.0000
0.0000
0.0000
0.0000
0.0000
0.0000
0.0000
0.0000
0.0000
0.0000
0.0000
0.0000
0.0000
0.0000
0.0000
0.0000
0.0000
0.0000
0.0000
0.0000
0.0000
0.0000
0.0000
0.0000
0.0000
0.0000
0.0000
0.0000
0.0000
0.0000
0.0000
0.0000
0.0000
0.0000
0.0000
0.0000
0.0000
0.0000
0.0000
0.0000
0.0000
0.0000
0.0000
0.0000
0.0000
0.0000
0.0000
0.0000
0.0000
0.0000
0.0000
0.0000
0.0000
0.0000
0.0000
0.0000
0.0000
0.0022
0.0254
0.1233
0.3290
0.5477
0.6477
0.6791
0.7689
0.8767
0.8767
0.7711
0.7045
0.7733
0.8999
0.9767
0.9978
1.0000
1.0000
1.0000
0.9978
0.9767
0.8999
0.7711
0.6791
0.6499
0.5731
0.4545
0.4756
0.6732
0.8767
0.9746
0.9978
1.0000
1.0000
1.0000
1.0000
1.0000
1.0000
1.0000
1.0000
1.0000
1.0000
1.0000
1.0000
1.0000
1.0000
1.0000
1.0000
1.0000
1.0000
1.0000
1.0000
1.0000
1.0000
0.9978
0.9767
0.8977
0.7500
0.6044
0.5465
0.6044
0.7500
0.8977
0.9767
0.9978
1.0000
1.0000
1.0000
1.0000
1.0000
1.0000
1.0000
1.0000
1.0000
1.0000
1.0000
1.0000
1.0000
1.0000
1.0000
1.0000
1.0000
1.0000
1.0000
1.0000
1.0000
1.0000
1.0000
1.0000
1.0000
1.0000
1.0000
1.0000
1.0000
1.0000
1.0000
1.0000
1.0000
1.0000
1.0000
1.0000
1.0000
1.0000
1.0000
1.0000
1.0000
1.0000
1.0000
1.0000
1.0000
1.0000
1.0000
1.0000
1.0000
1.0000
1.0000
1.0000
1.0000
1.0000
