0.9302
0.9304
0.9259
0.9221
0.9139
0.9143
0.9155
0.9061
0.8862
0.8715
0.8666
0.8724
0.8838
0.8924
0.8916
0.8853
0.8813
0.8827
0.8868
0.8915
0.8967
0.8985
0.8940
0.8888
0.8874
0.8820
0.8682
0.8606
0.8623
0.8666
0.8715
0.8836
0.9034
0.9180
0.9162
0.9050
0.8981
0.9057
0.9131
0.9189
0.9271
0.9336
0.9360
0.9344
0.9282
0.9235
0.9258
0.9299
0.9318
0.9299
0.9258
0.9235
0.9258
0.9299
0.9318
0.9299
0.9258
0.9233
0.9242
0.9226
0.9141
0.9059
0.9076
0.9158
0.9207
0.9210
0.9162
0.9119
0.9091
0.9114
0.9094
0.9002
0.8898
0.8814
0.8780
0.8803
0.8789
0.8750
0.8623
0.8493
0.8810
0.8911
0.9050
0.9139
0.9139
0.9049
0.8901
0.8760
0.8702
0.8709
0.8855
0.9010
0.9113
0.9155
0.9155
0.9115
0.9030
0.8938
0.8888
0.8849
0.9131
0.9273
0.9411
0.9511
0.9554
0.9564
0.9565
0.9565
0.9565
0.9564
0.9555
0.9522
0.9467
0.9437
0.9466
0.9511
0.9501
0.9410
0.9274
0.9149
0.9025
0.9009
0.9068
0.9114
0.9009
0.8978
0.9014
0.9025
0.9026
0.8871
0.8890
0.8681
0.8500
0.8425
0.8566
0.8646
0.8268
