0.8889
0.9313
0.9068
0.8746
0.8470
0.8296
0.8165
0.7995
0.8267
0.8501
0.8776
0.8939
0.8904
0.8699
0.8472
0.8362
0.8356
0.8393
0.8471
0.8509
0.8410
0.8251
0.8170
0.8203
0.8317
0.8418
0.8436
0.8444
0.8507
0.8567
0.8587
0.8478
0.8522
0.8667
0.8814
0.8885
0.8951
0.9046
0.9084
0.9053
0.9030
0.9070
0.9165
0.9250
0.9198
0.9122
0.9075
0.9124
0.9214
0.9269
0.9284
0.9284
0.9269
0.9214
0.9122
0.9058
0.9052
0.9052
0.9058
0.9121
0.9196
0.9181
0.9051
0.8914
0.8921
0.9065
0.9154
0.9213
0.9229
0.9167
0.9167
0.9167
0.9167
0.9167
0.9167
0.9167
0.9167
0.9165
0.9147
0.9083
0.8978
0.8920
0.8978
0.9083
0.9147
0.9165
0.9165
0.9147
0.9083
0.8978
0.8920
0.8976
0.9062
0.8956
0.8646
0.8354
0.8151
0.8149
0.8347
0.8654
0.8750
0.8750
0.8750
0.8750
0.8750
0.7500
