0.9524
0.9263
0.9035
0.8810
0.8591
0.8377
0.8316
0.8402
0.8473
0.8501
0.8453
0.8385
0.8439
0.8473
0.8594
0.8586
0.8674
0.8807
0.8873
0.8789
0.8617
0.8477
0.8467
0.8580
0.8691
0.8698
0.8624
0.8535
0.8402
0.8298
0.8123
0.8058
0.8334
0.8490
0.8601
0.8607
0.8406
0.8510
0.8481
0.8435
0.8410
0.8444
0.8527
0.8575
0.8586
0.8518
0.8417
0.8433
0.8411
0.8285
0.8143
0.8084
0.7944
0.8035
0.8066
0.7978
0.7796
0.7539
0.7259
0.7402
0.7453
0.7510
0.7577
0.7765
0.7903
0.8027
0.8386
0.8413
0.8468
0.8375
0.8296
0.8253
0.8296
0.8371
0.8379
0.8247
0.7996
0.7805
0.7794
0.7861
0.7924
0.8027
0.8124
0.8062
0.7814
0.7578
0.7565
0.7751
0.7920
0.7937
0.7859
0.7763
0.7658
0.7569
0.7350
0.7335
0.7333
0.7333
0.7333
0.7335
0.7350
0.7417
0.7575
0.7713
0.7734
0.8553
0.8886
0.9126
0.9058
0.8852
0.8524
0.7999
0.7501
0.7455
0.7549
0.7532
0.7330
