0.7059
0.7344
0.7780
0.8194
0.8470
0.8560
0.8564
0.8637
0.8744
0.8784
0.8695
0.8523
0.8427
0.8446
0.8499
0.8486
0.8460
0.8574
0.8847
0.9128
0.9290
0.9337
0.9321
0.9273
0.9212
0.9136
0.9343
0.9276
0.9266
0.9288
0.9265
0.9171
0.9098
0.9087
0.9099
0.9122
0.9195
0.9270
0.9387
0.9503
0.9629
0.9748
0.9835
0.9897
0.9924
0.9893
0.9827
0.9718
0.9521
0.9241
0.9001
0.8936
0.9058
0.9242
0.9374
0.9453
0.9526
0.9606
0.9656
0.9651
0.9637
0.9702
0.9835
0.9943
0.9980
0.9951
0.9865
0.9751
0.9664
0.9625
0.9616
0.9615
0.9615
0.9615
0.9615
0.9615
0.9615
0.9615
0.9574
0.9542
0.9489
0.9460
0.9489
0.9542
0.9574
0.9582
0.9583
0.9584
0.9594
0.9636
0.9730
0.9853
0.9948
0.9989
0.9999
1.0000
1.0000
0.9999
0.9990
0.9958
0.9901
0.9872
0.9901
0.9956
0.9990
0.9999
1.0000
1.0000
1.0000
0.9999
0.9990
0.9956
0.9890
0.9818
0.9759
0.9729
0.9761
0.9836
0.9841
0.9726
0.9582
0.9556
0.9661
0.9785
0.9839
0.9854
0.9896
0.9955
0.9989
0.9999
1.0000
1.0000
1.0000
1.0000
1.0000
1.0000
1.0000
1.0000
1.0000
1.0000
1.0000
1.0000
1.0000
1.0000
1.0000
1.0000
1.0000
1.0000
1.0000
1.0000
1.0000
1.0000
0.9999
0.9989
0.9952
0.9892
0.9859
0.9892
0.9952
0.9989
0.9999
1.0000
0.9999
0.9989
0.9950
0.9886
0.9841
0.9837
0.9836
0.9827
0.9811
0.9724
0.9552
0.9426
0.9449
0.9564
0.9635
0.9597
0.9463
0.9183
0.8843
0.8583
0.8568
0.8734
0.8849
0.8950
0.9397
0.9291
0.9208
0.9385
0.9767
0.9693
0.9500
0.9292
0.9151
0.9354
0.9646
0.9849
0.9851
0.9614
0.9273
