0.7143
0.7689
0.7983
0.8210
0.8543
0.8873
0.9145
0.9354
0.9496
0.9566
0.9601
0.9669
0.9792
0.9915
0.9977
0.9956
0.9772
0.9360
0.8820
0.8389
0.8140
0.8005
0.7982
0.7874
0.8500
0.8197
0.8057
0.8202
0.8539
0.8893
0.9065
0.9274
0.9442
0.9531
0.9464
0.9318
0.9344
0.9591
0.9846
0.9965
0.9965
0.9843
0.9557
0.9161
0.8779
0.8469
0.8256
0.9352
0.9435
0.9643
0.9854
0.9967
0.9997
1.0000
1.0000
1.0000
1.0000
1.0000
1.0000
1.0000
1.0000
1.0000
1.0000
1.0000
1.0000
1.0000
1.0000
1.0000
1.0000
1.0000
1.0000
1.0000
1.0000
1.0000
1.0000
1.0000
1.0000
1.0000
1.0000
1.0000
1.0000
1.0000
1.0000
1.0000
1.0000
1.0000
1.0000
1.0000
1.0000
1.0000
1.0000
1.0000
1.0000
1.0000
1.0000
1.0000
1.0000
1.0000
1.0000
1.0000
1.0000
1.0000
1.0000
1.0000
1.0000
1.0000
1.0000
1.0000
1.0000
1.0000
1.0000
1.0000
1.0000
1.0000
1.0000
1.0000
1.0000
1.0000
0.9997
0.9967
0.9857
0.9673
0.9545
0.9533
0.9530
0.9508
0.9494
0.9357
0.9078
0.8927
0.9111
0.9500
0.9818
0.9930
0.9854
0.9676
0.9578
0.9676
0.9857
0.9967
0.9994
0.9967
0.9830
0.9583
0.9347
0.9154
0.9412
0.9942
1.0000
