0.8393
0.7898
0.7580
0.7580
0.7851
0.8139
0.8407
0.8586
0.8692
0.8749
0.8871
0.8969
0.8980
0.8898
0.8782
0.8787
0.8825
0.8829
0.8772
0.8763
0.8827
0.8918
0.9031
0.9156
0.9231
0.9194
0.9053
0.9067
0.8971
0.8964
0.9027
0.9117
0.9173
0.9160
0.9129
0.9082
0.9028
0.8909
0.8766
0.8649
0.8774
0.8726
0.8691
0.8617
0.8535
0.8543
0.8650
0.8746
0.8808
0.8887
0.8908
0.8808
0.8671
0.8549
0.8451
0.8465
0.8485
0.8337
0.8200
0.8116
0.8041
0.8058
0.8228
0.8491
0.8735
0.8901
0.8982
0.8984
0.8917
0.8815
0.8710
0.8604
0.8503
0.8443
0.8470
0.8560
0.8844
0.8811
0.8743
0.8635
0.8539
0.8720
0.8666
0.8711
0.8847
0.8903
0.8890
0.8847
0.8822
0.8871
0.8939
0.8920
0.8862
0.8900
0.9030
0.9151
0.9229
0.9254
0.9244
0.9074
0.8834
0.8591
0.8355
0.8549
0.8560
0.8776
0.9022
0.9069
0.8930
0.8807
0.8773
0.8742
0.8653
0.8561
0.8560
0.8643
0.8636
0.8606
0.8284
