0.8846
0.8486
0.8375
0.8369
0.8384
0.8283
0.7909
0.7653
0.7646
0.7817
0.7930
0.7999
0.8138
0.8295
0.8312
0.8187
0.8115
0.8150
0.8263
0.8414
0.8573
0.8687
0.8737
0.8748
0.8736
0.8672
0.8522
0.8740
0.8654
0.8565
0.8404
0.8253
0.8290
0.8462
0.8625
0.8692
0.8711
0.8762
0.8831
0.8849
0.8760
0.8540
0.8241
0.7970
0.7836
0.7891
0.8026
0.8070
0.8028
0.8042
0.8151
0.8252
0.8264
0.8206
0.8169
0.8207
0.8278
0.8320
0.8331
0.8320
0.8278
0.8207
0.8169
0.8207
0.8176
0.8222
0.8234
0.8235
0.8235
0.8235
0.8235
0.8235
0.8235
0.8235
0.8235
0.8235
0.8235
0.8235
0.8235
0.8235
0.8237
0.8250
0.8309
0.8443
0.8616
0.8750
0.8809
0.8821
0.8810
0.8765
0.8690
0.8650
0.8690
0.8765
0.8810
0.8822
0.8824
0.8824
0.8750
0.8750
0.8750
0.8750
0.8750
0.8750
0.8750
0.8749
0.8735
0.8687
0.8608
0.8565
0.8608
0.8687
0.8735
0.8749
0.8750
0.8749
0.8734
0.8672
0.8530
0.8345
0.8203
0.8141
0.8126
0.8125
0.8125
0.8125
0.8125
0.8125
0.8125
0.8125
0.8125
0.8125
0.8124
0.8110
0.8064
0.7999
0.8019
0.8203
0.8467
0.8657
0.8733
0.8749
0.8750
0.8750
0.8750
0.8750
0.8751
0.8766
0.8828
0.8969
0.9140
0.9234
0.9217
0.9189
0.9232
0.9298
0.9297
0.9216
0.9112
0.9010
0.8876
0.8656
0.8306
0.7711
0.7281
0.7603
0.8561
