0.9281
0.9194
0.9126
0.9078
0.9065
0.9061
0.9060
0.9045
0.9040
0.9046
0.9049
0.9020
0.8979
0.8932
0.8890
0.8866
0.8863
0.8873
0.8891
0.8918
0.8933
0.8951
0.8977
0.8998
0.9008
0.9014
0.9023
0.9003
0.8988
0.8977
0.8976
0.8963
0.8951
0.8945
0.8941
0.8933
0.8925
0.8918
0.8914
0.8925
0.8936
0.8946
0.8955
0.8956
0.8953
0.8939
0.8932
0.8916
0.8898
0.8880
0.8849
0.8797
0.8759
0.8759
0.8779
0.8802
0.8825
0.8836
0.8840
0.8847
0.8846
0.8849
0.8853
0.8852
0.8859
0.8853
0.8840
0.8833
0.8828
0.8834
0.8837
0.8841
0.8840
0.8841
0.8842
0.8841
0.8840
0.8842
0.8827
0.8814
0.8801
0.8801
0.8806
0.8799
0.8792
0.8794
0.8796
0.8791
0.8793
0.8795
0.8786
0.8776
0.8760
0.8760
0.8762
0.8786
0.8805
0.8830
0.8840
0.8840
0.8836
0.8839
0.8827
0.8805
0.8784
0.8765
0.8744
0.8730
0.8726
0.8714
0.8714
0.8717
0.8734
0.8743
0.8750
0.8761
0.8774
0.8769
0.8758
0.8738
0.8718
0.8697
0.8687
0.8679
0.8686
0.8675
0.8669
0.8673
0.8678
0.8679
0.8672
0.8662
0.8674
0.8668
0.8669
0.8652
0.8631
0.8618
0.8624
0.8632
0.8649
0.8641
0.8641
0.8646
0.8641
0.8614
0.8594
0.8567
0.8560
0.8565
0.8575
0.8558
0.8537
0.8492
0.8469
0.8463
0.8468
0.8461
0.8469
0.8501
0.8517
0.8528
0.8535
0.8524
0.8520
0.8539
0.8543
0.8541
0.8516
0.8489
0.8456
0.8414
0.8413
0.8382
0.8324
0.8230
0.8173
0.8098
0.8042
0.7986
0.7978
0.7975
0.7987
0.7986
0.8023
0.8040
0.8063
0.8067
0.8125
0.8123
0.8077
0.8058
0.8049
0.8049
0.8098
0.8067
0.8020
0.8002
0.8046
