0.7222
0.8332
0.9094
0.9467
0.9668
0.9635
0.9408
0.9141
0.8950
0.8866
0.8857
0.8844
0.8799
0.8763
0.8750
0.8735
0.8687
0.8608
0.8565
0.8608
0.8687
0.8735
0.8747
0.8735
0.8687
0.8608
0.8565
0.8517
0.8615
0.8718
0.8818
0.8879
0.8885
0.8883
0.8864
0.8753
0.8584
0.8501
0.8585
0.8768
0.8930
0.9036
0.9098
0.9114
0.9121
0.9181
0.9267
0.9318
0.9332
0.9333
0.9333
0.9333
0.9333
0.9333
0.9333
0.9333
0.9333
0.9333
0.9333
0.9333
0.9333
0.9333
0.9333
0.9333
0.9333
0.9332
0.9318
0.9267
0.9182
0.9136
0.9182
0.9265
0.9301
0.9248
0.9098
0.8902
0.8750
0.8684
0.8668
0.8667
0.8667
0.8667
0.8667
0.8667
0.8668
0.8684
0.8750
0.8900
0.9083
0.9183
0.9165
0.9135
0.9182
0.9267
0.9318
0.9330
0.9316
0.9250
0.9098
0.8823
0.8661
0.8590
0.8575
0.8481
0.8558
0.8733
0.8960
0.9133
0.9190
0.9115
0.8883
0.8558
0.8331
0.8305
0.8370
0.8386
0.8382
0.8504
0.8768
0.8980
0.9017
0.8982
0.8979
0.8978
0.8964
0.8940
0.8808
0.8560
0.8426
0.8578
0.8885
0.9116
0.9210
0.9229
0.9231
0.9231
0.9229
0.9211
0.9134
0.8960
0.8733
0.8558
0.8481
0.8462
0.8442
0.8365
0.8191
0.7963
0.7789
0.7712
0.7694
0.7692
0.7691
0.7673
0.7597
0.7441
0.7289
0.7271
0.7346
0.7346
0.7271
0.7289
0.7439
0.7578
0.7575
0.7402
0.7117
0.6582
0.6442
0.6480
0.7182
0.7252
0.7271
0.7273
0.7273
0.7273
0.7273
0.7273
0.7273
0.7273
0.7273
0.7273
0.7275
0.7296
0.7385
0.7570
0.7747
0.7747
0.7570
0.7385
0.7296
0.7275
0.7273
0.7273
0.7273
0.7273
0.7273
0.7273
0.7273
0.7275
0.7294
0.7364
0.7479
0.7541
0.7479
0.7364
0.7294
0.7275
0.7273
0.7273
0.7271
0.7248
0.7137
0.6855
0.7000
0.6998
0.6977
0.6900
0.6773
0.6705
0.6773
0.6900
0.6977
0.7000
0.7025
0.7126
0.7350
0.7622
0.7749
0.7622
0.7350
0.7126
0.7025
0.7002
0.7000
0.7000
0.7000
0.7002
0.7025
0.7126
0.7352
0.7648
0.7874
0.7975
0.7998
0.8000
0.7998
0.7975
0.7874
0.7648
0.7352
0.7126
0.7025
0.7002
0.7000
0.7000
0.7000
0.7000
0.7000
0.7002
0.7025
0.7126
0.7352
0.7386
0.6964
0.7107
0.7143
0.7179
0.7322
0.7646
0.8068
0.8392
0.8549
