0.7679
0.7761
0.8005
0.8098
0.8070
0.8034
0.8166
0.8513
0.8549
0.8435
0.8325
0.8284
0.8282
0.8287
0.8270
0.8240
0.8210
0.8336
0.8415
0.8334
0.8169
0.7941
0.7820
0.7899
0.8108
0.8328
0.8486
0.8590
0.8688
0.8786
0.8834
0.8782
0.8620
0.8420
0.8273
0.8205
0.8155
0.8165
0.8188
0.8234
0.8330
0.8436
0.8594
0.8725
0.8798
0.8824
0.8833
0.8937
0.9081
0.9191
0.9257
0.9302
0.9328
0.9363
0.9445
0.9523
0.9482
0.9313
0.9151
0.9072
0.9006
0.8933
0.8963
0.9145
0.9386
0.9570
0.9645
0.9601
0.9520
0.9475
0.9525
0.9622
0.9671
0.9664
0.9631
0.9605
0.9579
0.9545
0.9522
0.9525
0.9540
0.9559
0.9570
0.9529
0.9412
0.9290
0.9260
0.9342
0.9394
0.9399
0.9423
0.9455
0.9418
0.9318
0.9266
0.9317
0.9407
0.9480
0.9535
0.9596
0.9617
0.9598
0.9542
0.9473
0.9382
0.9360
0.9405
0.9433
0.9375
0.9287
0.9265
0.9316
0.9375
0.9404
0.9411
0.9412
0.9412
0.9411
0.9404
0.9375
0.9315
0.9251
0.9221
0.9483
0.9420
0.9301
0.9198
0.9193
0.9285
0.9393
0.9515
0.9584
0.9571
0.9524
0.9516
0.9604
0.9711
0.9765
0.9750
0.9710
0.9684
0.9670
0.9636
0.9557
0.9444
0.9363
0.9382
0.9500
0.9645
0.9775
0.9876
0.9910
0.9829
0.9637
0.9403
0.9228
0.9171
0.9217
0.9333
0.9481
0.9588
0.9581
0.9454
0.9568
0.9591
0.9633
0.9660
0.9674
0.9709
0.9783
0.9874
0.9916
0.9873
0.9775
0.9667
0.9558
0.9461
0.9425
0.9501
0.9667
0.9840
0.9941
0.9949
0.9882
0.9784
0.9709
0.9676
0.9676
0.9709
0.9784
0.9883
0.9958
0.9992
0.9999
1.0000
1.0000
0.9999
0.9992
0.9967
0.9924
0.9902
0.9924
0.9967
0.9992
0.9991
0.9958
0.9882
0.9780
0.9699
1.0000
1.0000
1.0000
1.0000
1.0000
1.0000
1.0000
0.9999
0.9992
0.9965
0.9922
0.9897
0.9914
0.9931
0.9913
0.9889
0.9887
0.9887
0.9890
0.9921
0.9965
0.9991
0.9990
0.9957
0.9879
0.9776
0.9690
0.9621
0.9533
0.9415
0.9276
0.9119
0.8985
0.8922
0.8897
0.8846
0.8785
0.8785
0.8845
0.8888
0.8879
0.8862
0.9196
0.9206
0.9161
0.9098
0.9100
0.9177
0.9277
0.9350
0.9364
0.9331
0.9342
0.9444
0.9555
0.9589
0.9552
0.9502
0.9481
0.9500
0.9536
0.9527
0.9438
0.9359
0.9419
0.9606
0.9769
0.9785
0.9687
0.9621
0.9659
0.9721
0.9752
0.9796
0.9878
0.9954
0.9991
0.9999
1.0000
1.0000
0.9999
0.9990
0.9945
0.9832
0.9676
0.9567
0.9556
0.9603
0.9668
0.9759
0.9870
0.9954
0.9991
0.9999
1.0000
1.0000
0.9999
0.9991
0.9962
0.9910
0.9860
0.9818
0.9767
0.9617
0.9542
0.9551
0.9396
0.9273
0.9130
0.8893
0.8901
0.8824
0.8569
0.8223
0.8131
0.8068
0.8237
