0.9630
0.9050
0.8767
0.8643
0.8497
0.8314
0.8246
0.8424
0.8777
0.9071
0.9203
0.9146
0.8878
0.8632
0.8303
0.8349
0.8440
0.8495
0.8553
0.8619
0.8643
0.8661
0.8632
0.8578
0.8595
0.8750
0.8972
0.9133
0.9208
0.9263
0.9342
0.9388
0.9432
0.9442
0.9432
0.9389
0.9278
0.9238
0.9278
0.9353
0.9398
0.9410
0.9412
0.9412
0.9412
0.9412
0.9413
0.9425
0.9472
0.9560
0.9659
0.9752
0.9852
0.9940
0.9986
0.9999
1.0000
1.0000
1.0000
1.0000
1.0000
1.0000
1.0000
0.9999
0.9985
0.9926
0.9794
0.9633
0.9546
0.9575
0.9661
0.9752
0.9852
0.9940
0.9986
0.9997
0.9985
0.9927
0.9808
0.9693
0.9693
0.9808
0.9927
0.9985
0.9999
1.0000
1.0000
1.0000
1.0000
1.0000
1.0000
1.0000
1.0000
1.0000
1.0000
1.0000
1.0000
0.9999
0.9985
0.9926
0.9793
0.9619
0.9487
0.9440
0.9473
0.9559
0.9644
0.9680
0.9659
0.9633
0.9679
0.9806
0.9926
0.9971
0.9940
0.9867
0.9826
0.9867
0.9941
0.9986
0.9999
1.0000
0.9999
0.9986
0.9940
0.9853
0.9766
0.9720
0.9708
0.9720
0.9766
0.9853
0.9940
0.9986
0.9999
1.0000
1.0000
1.0000
1.0000
1.0000
0.9999
0.9985
0.9926
0.9793
0.9619
0.9487
0.9442
0.9487
0.9619
0.9780
0.9922
0.9983
0.9984
0.9937
0.9856
0.9804
0.9845
1.0000
1.0000
1.0000
1.0000
1.0000
1.0000
1.0000
1.0000
1.0000
1.0000
1.0000
1.0000
1.0000
1.0000
1.0000
1.0000
1.0000
1.0000
1.0000
1.0000
1.0000
1.0000
1.0000
1.0000
1.0000
1.0000
1.0000
0.9998
0.9982
0.9910
0.9748
0.9539
0.9394
0.9394
0.9539
0.9748
0.9910
0.9982
0.9998
0.9998
0.9982
0.9912
0.9754
0.9533
1.0000
1.0000
1.0000
1.0000
1.0000
1.0000
1.0000
1.0000
1.0000
1.0000
1.0000
1.0000
1.0000
1.0000
1.0000
1.0000
1.0000
1.0000
1.0000
1.0000
1.0000
1.0000
1.0000
1.0000
1.0000
1.0000
1.0000
0.9998
0.9981
0.9915
0.9792
0.9669
0.9603
0.9587
0.9603
0.9669
0.9792
0.9915
0.9981
0.9998
1.0000
1.0000
1.0000
1.0000
1.0000
1.0000
1.0000
1.0000
1.0000
1.0000
1.0000
1.0000
1.0000
1.0000
1.0000
1.0000
1.0000
1.0000
1.0000
1.0000
1.0000
1.0000
1.0000
1.0000
1.0000
1.0000
1.0000
1.0000
1.0000
1.0000
1.0000
1.0000
1.0000
1.0000
0.9998
0.9977
0.9888
0.9701
0.9502
0.9411
0.9385
0.9322
0.9296
0.9432
0.9682
0.9886
0.9977
0.9998
1.0000
1.0000
1.0000
1.0000
1.0000
1.0000
1.0000
1.0000
1.0000
1.0000
1.0000
1.0000
1.0000
1.0000
0.9998
0.9977
0.9886
0.9682
0.9434
0.9319
0.9434
0.9682
0.9886
0.9977
0.9998
1.0000
1.0000
1.0000
0.9998
0.9977
0.9886
0.9682
0.9434
0.9319
0.9434
0.9682
0.9886
0.9977
0.9998
1.0000
1.0000
1.0000
1.0000
1.0000
0.9998
0.9977
0.9888
0.9703
0.9525
0.9523
0.9678
0.9755
0.9545
0.9140
0.8850
0.8996
0.9226
0.9367
0.9476
0.9624
