0.8125
0.8032
0.7960
0.7787
0.7772
0.7869
0.7956
0.8127
0.8308
0.8461
0.8475
0.8319
0.8465
0.8441
0.8602
0.8779
0.8767
0.8643
0.8565
0.8552
0.8511
0.8408
0.8243
0.8206
0.8187
0.8139
0.8049
0.7918
0.7794
0.7737
0.7754
0.7823
0.7926
0.8053
0.8176
0.8239
0.8228
0.8209
0.8239
0.8293
0.8334
0.8386
0.8490
0.8644
0.8783
0.8831
0.8801
0.8815
0.8934
0.9064
0.9106
0.9083
0.9086
0.9130
0.9130
0.9130
0.9130
0.9130
0.9130
0.9129
0.9120
0.9087
0.9032
0.9002
0.9032
0.9087
0.9120
0.9129
0.9130
0.9130
0.9129
0.9120
0.9087
0.9032
0.9002
0.9031
0.9077
0.9076
0.9021
0.8958
0.8933
0.8958
0.9022
0.9086
0.9120
0.9129
0.9130
0.9129
0.9120
0.9087
0.9030
0.8982
0.8945
0.8890
0.8863
0.8932
0.9043
0.9110
0.9129
0.9130
0.9130
0.9130
0.9130
0.9130
0.9130
0.9131
0.9141
0.9185
0.9284
0.9412
0.9511
0.9554
0.9564
0.9565
0.9565
0.9565
0.9565
0.9565
0.9565
0.9565
0.9565
0.9565
0.9565
0.9565
0.9565
0.9565
0.9565
0.9564
0.9554
0.9511
0.9412
0.9284
0.9185
0.9141
0.9092
0.9091
0.9524
0.9523
0.9512
0.9464
0.9357
0.9227
0.9167
0.9227
0.9357
0.9463
0.9501
0.9475
0.9416
0.9383
0.9415
0.9464
0.9453
0.9355
0.9215
0.9107
0.9060
0.9049
0.9048
0.9047
0.9037
0.9001
0.8952
0.8966
0.9095
0.9248
0.9274
0.9155
0.8998
0.8919
0.8941
0.9000
0.9037
0.9047
0.9048
0.9047
0.9037
0.9000
0.8939
0.8895
0.8880
0.8833
0.8740
0.8690
0.8751
0.8881
0.8988
0.9487
0.9499
0.9500
0.9500
0.9500
0.9500
0.9500
0.9500
0.9500
0.9500
0.9500
0.9500
0.9500
0.9500
0.9500
0.9500
0.9500
0.9500
0.9500
0.9500
0.9500
0.9500
0.9500
0.9500
0.9500
0.9500
0.9500
0.9500
0.9500
0.9500
0.9500
0.9500
0.9500
0.9500
0.9500
0.9500
0.9500
0.9500
0.9500
0.9500
0.9500
0.9500
0.9500
0.9500
0.9500
0.9500
0.9500
0.9499
0.9488
0.9450
0.9387
0.9352
0.9387
0.9450
0.9488
0.9499
0.9500
0.9500
0.9500
0.9500
0.9500
0.9500
0.9500
0.9500
0.9500
0.9500
0.9500
0.9500
0.9500
0.9500
0.9500
0.9500
0.9500
0.9500
0.9499
0.9487
0.9437
0.9324
0.9176
0.9063
0.9013
0.9001
0.9000
0.9000
0.9000
0.9000
0.9000
0.9000
0.9000
0.9000
0.8999
0.8988
0.8951
0.8898
0.8902
0.8999
0.9086
0.9052
0.8934
0.8851
0.8826
0.8787
0.8727
0.8738
0.8837
0.8938
0.8987
0.8999
0.9001
0.9012
0.9050
0.9113
0.9148
0.9113
0.9050
0.9012
0.9001
0.9002
0.8973
0.9070
0.9280
0.9318
0.9389
0.9432
0.9442
0.9432
0.9389
0.9318
0.9280
0.9318
0.9389
0.9432
0.9443
0.9444
0.9444
0.9444
0.9444
0.9444
0.9444
0.9444
0.9444
0.9444
0.9444
0.9443
0.9432
0.9388
0.9304
0.9164
0.9010
0.8812
0.8655
0.9056
0.9003
0.9055
0.9136
0.9062
0.8952
0.8670
0.8292
