0.9333
0.8612
0.8235
0.8333
0.8644
0.8988
0.9116
0.8906
0.8515
0.8256
0.8370
0.8807
0.9310
0.9692
0.9890
0.9959
0.9915
0.9807
0.9715
0.9644
0.9537
0.9469
0.9537
0.9644
0.9713
0.9788
0.9833
0.9792
0.9752
0.9811
0.9917
0.9981
0.9998
1.0000
1.0000
1.0000
1.0000
1.0000
1.0000
1.0000
1.0000
1.0000
1.0000
1.0000
1.0000
1.0000
1.0000
1.0000
0.9998
0.9975
0.9874
0.9648
0.9352
0.9126
0.9025
0.9004
0.9023
0.9100
0.9225
0.9274
0.9152
0.8999
0.9078
0.9400
0.9672
0.9701
0.9598
0.9523
0.9504
0.9523
0.9602
0.9750
0.9898
0.9975
0.9971
0.9851
0.9538
0.9972
0.9861
0.9609
0.9283
0.9057
0.9057
0.9283
0.9609
0.9858
0.9946
0.9884
0.9720
0.9532
0.9354
0.9143
0.8891
0.8663
0.8563
0.8637
0.8778
0.8863
0.8886
0.8891
0.8917
0.9028
0.9280
0.9609
0.9858
0.9946
0.9886
0.9748
0.9672
0.9748
0.9886
0.9948
0.9886
0.9748
0.9667
0.9696
0.9666
0.9468
0.9315
0.9385
0.9523
0.9594
0.9630
0.9609
0.9506
0.9357
0.9197
0.9142
0.9306
0.9611
0.9861
0.9972
0.9998
1.0000
0.9998
0.9974
0.9889
0.9748
0.9672
0.9748
0.9889
0.9974
0.9998
1.0000
1.0000
1.0000
0.9998
0.9974
0.9886
0.9722
0.9560
0.9496
0.9563
0.9735
0.9906
1.0000
1.0000
1.0000
1.0000
1.0000
1.0000
1.0000
1.0000
1.0000
1.0000
1.0000
1.0000
1.0000
1.0000
1.0000
1.0000
1.0000
1.0000
1.0000
1.0000
1.0000
1.0000
1.0000
1.0000
1.0000
1.0000
1.0000
1.0000
1.0000
1.0000
1.0000
1.0000
1.0000
1.0000
1.0000
1.0000
1.0000
1.0000
1.0000
1.0000
1.0000
1.0000
1.0000
1.0000
1.0000
1.0000
1.0000
1.0000
1.0000
1.0000
1.0000
1.0000
1.0000
1.0000
1.0000
1.0000
1.0000
1.0000
1.0000
1.0000
1.0000
1.0000
1.0000
1.0000
1.0000
1.0000
1.0000
1.0000
1.0000
1.0000
1.0000
1.0000
1.0000
1.0000
1.0000
1.0000
1.0000
1.0000
1.0000
1.0000
1.0000
1.0000
1.0000
1.0000
1.0000
0.9997
0.9967
0.9857
0.9676
0.9578
0.9676
0.9854
0.9934
0.9851
0.9643
0.9435
0.9352
0.9435
0.9643
0.9854
0.9967
0.9997
1.0000
1.0000
1.0000
1.0000
1.0000
1.0000
1.0000
1.0000
1.0000
1.0000
1.0000
1.0000
1.0000
1.0000
1.0000
1.0000
1.0000
1.0000
1.0000
1.0000
1.0000
0.9997
0.9967
0.9857
0.9676
0.9578
0.9676
0.9857
0.9967
0.9997
1.0000
1.0000
1.0000
1.0000
1.0000
1.0000
1.0000
1.0000
1.0000
1.0000
1.0000
1.0000
0.9997
0.9964
0.9821
0.9497
0.9075
0.8751
0.8608
0.8575
0.8571
0.8571
0.8571
0.8571
0.8571
0.8571
0.8571
0.8571
1.0000
1.0000
1.0000
1.0000
1.0000
1.0000
1.0000
1.0000
1.0000
1.0000
1.0000
1.0000
1.0000
1.0000
1.0000
1.0000
1.0000
1.0000
1.0000
1.0000
1.0000
1.0000
1.0000
1.0000
1.0000
1.0000
1.0000
1.0000
1.0000
1.0000
1.0000
1.0000
1.0000
1.0000
1.0000
1.0000
1.0000
1.0000
1.0000
1.0000
1.0000
1.0000
0.9996
0.9949
0.9753
0.9346
0.8956
0.8947
0.9253
0.9353
0.9042
0.8814
0.9093
0.9600
0.9907
0.9991
1.0000
1.0000
1.0000
