1.0000
0.9978
0.9824
0.9532
0.9237
0.9179
0.9335
0.9435
0.9318
0.9109
0.9092
0.9390
0.9905
0.9980
0.9998
1.0000
1.0000
1.0000
1.0000
1.0000
1.0000
1.0000
1.0000
1.0000
1.0000
1.0000
1.0000
1.0000
1.0000
1.0000
1.0000
0.9996
0.9958
0.9793
0.9434
0.9025
0.8836
0.8917
0.9087
0.9250
0.9457
0.9687
0.9812
0.9790
0.9752
0.9809
0.9895
0.9876
0.9705
0.9460
0.9271
0.9188
0.9168
0.9167
0.9167
0.9167
0.9167
0.9167
0.9167
0.9167
0.9167
0.9167
0.9167
0.9167
0.9167
0.9167
0.9167
0.9167
0.9167
0.9165
0.9147
0.9081
0.8957
0.8818
0.8705
0.8648
0.8712
0.8891
0.9045
0.9062
0.8974
0.8901
0.8894
0.8894
0.8901
0.8978
0.9000
0.9070
0.9089
0.9091
0.9091
0.9091
0.9091
0.9093
0.9114
0.9205
0.9411
0.9680
0.9886
0.9977
0.9998
1.0000
1.0000
1.0000
1.0000
1.0000
1.0000
1.0000
1.0000
0.9998
0.9979
0.9909
0.9794
0.9731
0.9792
0.9886
0.9865
0.9680
0.9434
0.9319
0.9434
0.9682
0.9886
0.9977
0.9998
0.9998
0.9977
0.9886
0.9680
0.9411
0.9205
0.9114
0.9093
0.9091
0.9091
0.9091
0.9093
0.9114
0.9205
0.9411
0.9680
0.9886
0.9977
0.9998
1.0000
0.9998
0.9977
0.9886
0.9680
0.9411
0.9126
0.9025
0.9002
0.9000
0.9000
0.9000
0.9000
0.9000
0.9000
0.9000
0.9000
0.9000
0.9000
0.9000
0.9000
0.9000
0.9000
0.9000
0.9000
0.9000
0.9000
0.9000
0.9000
0.9000
0.9000
0.9000
0.9000
0.9000
0.9000
0.9000
0.9000
0.9000
0.9000
0.9000
0.9000
0.9000
0.9000
0.9000
0.9000
0.9000
0.9000
0.9000
0.9000
0.9000
0.9000
0.9000
0.9000
0.9000
0.9000
0.9000
0.9000
0.9000
0.9000
0.9000
0.9000
0.9000
0.9000
0.9000
0.9000
0.8998
0.8975
0.8877
0.8673
0.8476
0.8280
0.8386
0.8360
0.8141
0.7915
0.7806
0.7783
0.7804
0.7891
0.8056
0.8220
0.8310
0.8357
0.8445
0.8585
0.8664
0.8611
0.8558
0.8637
0.8778
0.8863
0.8886
0.8889
0.8889
0.8889
0.8889
0.8889
0.8889
0.8889
0.8889
0.8889
0.8889
0.8889
0.8889
0.8889
0.8889
0.8889
0.8889
0.8889
0.8889
0.8889
0.8886
0.8861
0.8752
0.8523
0.8278
0.8146
0.8051
0.7920
0.7952
0.8271
0.8641
0.8835
0.8884
0.8889
0.8889
0.8889
0.8889
0.8889
0.8889
0.8889
0.8889
0.8889
0.8889
0.8889
0.8889
0.8889
0.8889
0.8889
0.8889
0.8889
0.8889
0.8889
0.8889
0.8889
0.8889
0.8889
0.8889
0.8889
0.8889
0.8889
0.8889
0.8889
0.8889
0.8889
0.8889
0.8889
0.8889
0.8891
0.8917
0.9028
0.9280
0.9609
0.9861
0.9983
1.0000
1.0000
1.0000
1.0000
1.0000
1.0000
1.0000
1.0000
1.0000
0.9997
0.9971
0.9875
0.9717
0.9631
0.9714
0.9846
0.9846
0.9714
0.9631
0.9714
0.9846
0.9846
0.9714
0.9631
0.9717
0.9875
0.9968
0.9965
0.9843
0.9560
0.9190
0.8907
0.8782
0.8753
0.8750
0.8747
0.8721
0.8625
0.8467
0.8381
0.8467
0.8625
0.8721
0.8747
0.8750
0.8750
0.8750
0.8750
0.8750
0.8750
0.8750
0.8750
0.8750
0.8750
0.8750
0.8750
0.8750
0.8750
0.8750
0.8750
0.8750
0.8750
0.8750
0.8750
0.8750
0.8750
0.8750
0.8750
0.8750
0.8750
0.8750
0.8750
0.8750
0.8750
0.8750
0.8750
0.8750
0.8750
0.8750
0.8571
0.8571
0.8571
0.8571
0.8571
0.8571
0.8571
0.8571
0.8571
0.8571
0.8571
0.8571
0.8571
0.8571
0.8571
0.8571
0.8571
0.8571
0.8571
0.8571
0.8571
0.8571
0.8571
0.8571
0.8571
0.8571
0.8571
0.8568
0.8535
0.8392
0.8068
0.7646
0.7322
0.7179
0.7146
0.7143
0.7143
0.7143
0.7143
0.7143
0.7143
0.6667
0.6670
0.8051
0.8251
0.8709
0.9148
0.9754
