0.8938
0.8975
0.8995
0.9019
0.9041
0.9037
0.9021
0.9010
0.9025
0.9054
0.9082
0.9094
0.9082
0.9046
0.8991
0.8941
0.8921
0.8917
0.8943
0.8976
0.8999
0.9007
0.9004
0.9007
0.9005
0.9004
0.9011
0.9019
0.9021
0.9014
0.9013
0.9028
0.9041
0.9069
0.9075
0.9070
0.9070
0.9071
0.9070
0.9066
0.9076
0.9117
0.9156
0.9194
0.9214
0.9220
0.9204
0.9179
0.9141
0.9112
0.9093
0.9076
0.9078
0.9082
0.9078
0.9075
0.9083
0.9083
0.9071
0.9060
0.9072
0.9103
0.9148
0.9188
0.9206
0.9198
0.9194
0.9185
0.9190
0.9226
0.9264
0.9271
0.9278
0.9258
0.9227
0.9205
0.9191
0.9178
0.9166
0.9143
0.9131
0.9131
0.9140
0.9147
0.9131
0.9115
0.9101
0.9091
0.9096
0.9113
0.9131
0.9147
0.9147
0.9145
0.9146
0.9146
0.9132
0.9099
0.9044
0.9000
0.8951
0.8937
0.8933
0.8951
0.8986
0.9012
0.9018
0.9038
0.9049
0.9026
0.8976
0.8931
0.8879
0.8843
0.8800
0.8769
0.8706
0.8656
0.8611
0.8556
0.8496
0.8472
0.8414
0.8433
0.8343
