0.9355
0.9038
0.9053
0.8944
0.8946
0.9030
0.9174
0.9334
0.9443
0.9453
0.9389
0.9342
0.9353
0.9379
0.9389
0.9417
0.9461
0.9453
0.9380
0.9304
0.9232
0.9161
0.9109
0.9081
0.9099
0.9110
0.9048
0.9302
0.9167
0.9030
0.8850
0.8750
0.8707
0.8696
0.8560
0.8450
0.8386
0.8340
0.8138
0.8083
0.7975
0.7914
0.7959
0.8001
0.7888
0.7683
0.7486
0.7677
0.7956
0.8132
0.8031
0.7919
0.7799
0.7799
0.7921
0.7916
0.7965
0.7899
0.7698
0.7417
0.7212
0.7139
0.7552
0.7752
0.7837
0.7856
0.7857
0.7857
0.7857
0.7692
0.7692
0.7692
0.7692
0.7692
