0.8235
0.8034
0.8089
0.8237
0.8297
0.8401
0.8341
0.8298
0.8362
0.8561
0.8784
0.8880
0.8908
0.8950
0.9053
0.9184
0.9274
0.9308
0.9340
0.9424
0.9468
0.9408
0.9272
0.9138
0.9069
0.9081
0.9091
0.9054
0.8951
0.8854
0.8798
0.8746
0.8745
0.8765
0.8795
0.8828
0.8844
0.8833
0.8818
0.8821
0.8833
0.8846
0.8853
0.8851
0.8856
0.8872
0.8889
0.8911
0.8945
0.8982
0.9017
0.9049
0.9060
0.9028
0.8968
0.8928
0.8950
0.9045
0.9172
0.9255
0.9265
0.9234
0.9182
0.9111
0.9042
0.8997
0.8974
0.8944
0.8892
0.8864
0.8841
0.8812
0.8796
0.8807
0.8818
0.8802
0.8773
0.8761
0.8774
0.8806
0.8835
0.8835
0.8800
0.8739
0.8651
0.8722
0.8726
0.8744
0.8773
0.8784
0.8750
0.8686
0.8634
0.8616
0.8634
0.8687
0.8755
0.8809
0.8837
0.8866
0.8919
0.8988
0.9041
0.9064
0.9069
0.9070
0.9069
0.9064
0.9046
0.9012
0.8978
0.8964
0.8978
0.9012
0.9046
0.9064
0.9069
0.9069
0.9063
0.9036
0.8970
0.8896
0.8879
0.8936
0.8995
0.9006
0.9000
0.9018
0.9052
0.9093
0.9145
0.9191
0.9191
0.9140
0.9069
0.8988
0.8890
0.8784
0.8693
0.8640
0.8634
0.8664
0.8702
0.8733
0.8748
0.8720
0.8623
0.8469
0.8310
0.8204
0.8181
0.8222
0.8290
0.8343
0.8366
0.8366
0.8349
0.8319
0.8303
0.8319
0.8349
0.8372
0.8395
0.8430
0.8465
0.8489
0.8517
0.8565
0.8616
0.8640
0.8652
0.8691
0.8756
0.8808
0.8831
0.8837
0.8838
0.8843
0.8866
0.8919
0.8988
0.9040
0.9058
0.9040
0.8987
0.8913
0.8837
0.8755
0.8658
0.8552
0.8460
0.8407
0.8402
0.8431
0.8465
0.8483
0.8493
0.8507
0.8523
0.8523
0.8508
0.8504
0.8536
0.8605
0.8679
0.8740
0.8807
0.8895
0.8982
0.9040
0.9064
0.9069
0.9070
0.9070
0.9070
0.9069
0.9064
0.9041
0.8989
0.8906
0.8899
0.8983
0.9118
0.9207
0.9249
0.9231
0.9158
0.9054
0.8971
0.8914
0.8830
0.8716
0.8664
0.8745
0.8913
0.9061
0.9132
0.9104
0.9063
0.9026
0.9006
0.9001
0.8999
0.8994
0.8969
0.8911
0.8832
0.8750
0.8667
0.8581
0.8504
0.8666
0.8692
0.8699
0.8661
0.8582
0.8533
0.8578
0.8652
0.8648
0.8564
0.8468
0.8384
0.8321
0.8290
0.8268
0.8237
0.8239
0.8293
0.8347
0.8379
0.8428
0.8501
0.8570
0.8642
0.8744
0.8864
0.8962
0.9025
0.9043
0.9000
0.8909
0.8807
0.8712
0.8600
0.8652
0.8591
0.8508
0.8428
0.8368
0.8344
0.8363
0.8409
0.8484
0.8613
0.8735
0.8852
0.8912
0.8952
0.9020
0.9115
0.9196
0.9228
0.9231
0.9235
0.9230
0.9211
0.9195
0.9190
0.9189
0.9189
0.9189
0.9189
0.9189
0.9189
0.9189
0.9189
0.9189
0.9189
0.9189
0.9183
0.9162
0.9121
0.9076
0.9040
0.9021
0.9042
0.9100
0.9156
0.9182
0.9189
0.9189
0.9189
0.9189
0.9189
0.9189
0.9190
0.9195
0.9216
0.9244
0.9243
0.9197
0.9177
0.9262
0.9420
0.9540
0.9566
0.9562
0.9600
0.9648
0.9650
0.9622
0.9607
0.9623
0.9662
0.9702
0.9723
0.9729
0.9729
0.9723
0.9696
0.9641
0.9589
0.9588
0.9635
0.9669
0.9655
0.9615
0.9574
0.9536
0.9521
0.9814
0.9796
0.9777
0.9736
0.9713
0.9711
0.9641
0.9455
0.9243
0.9110
0.9028
0.8821
0.8586
0.8275
0.8072
0.7884
0.7636
0.7664
0.7618
0.7556
0.7740
0.7599
0.7589
