1.0000
0.9351
0.8753
0.8249
0.7825
0.7413
0.6907
0.6829
0.7041
0.7416
0.7712
0.7634
0.7611
0.7498
0.7204
0.7605
0.7521
0.7500
0.7481
0.7417
0.7307
0.7211
0.7104
0.6849
0.6486
0.6249
0.6207
0.6236
0.6268
0.6333
0.6437
0.6479
0.6375
0.6230
0.6231
0.6394
0.6564
0.6645
0.6665
0.6667
0.6667
0.6668
0.6688
0.6771
0.6958
0.7187
0.7312
0.7290
0.7252
0.7313
0.7438
0.7585
0.7792
0.8040
0.8227
0.8288
0.8186
0.7845
0.7862
0.7591
0.7366
0.7205
0.7069
0.7000
0.7024
0.6996
0.6797
0.6552
0.6448
0.6552
0.6797
0.6996
0.7024
0.7000
0.7067
0.7182
0.7252
0.7271
0.7273
0.7271
0.7250
0.7159
0.6952
0.6684
0.6478
0.6028
0.6025
0.6100
0.6227
0.6295
0.6225
0.6077
0.5923
0.5778
0.5728
0.5873
0.6129
0.6298
0.6350
0.6452
0.6671
0.6877
0.6975
0.6998
0.7000
0.7000
0.7000
0.7000
0.7000
0.7000
0.7000
0.7000
0.6998
0.6975
0.6877
0.6673
0.6476
0.6455
0.6573
0.6650
0.6679
0.6771
0.6900
0.6977
0.6998
0.7000
0.7000
0.7000
0.7000
0.7000
0.7000
0.7000
0.6998
0.6977
0.6903
0.6804
0.6804
0.6638
0.6527
0.6275
0.5949
0.5723
0.5723
0.5949
0.6273
0.6501
0.6527
0.6410
0.6313
0.6301
0.6278
0.6201
0.6160
0.6227
0.6386
0.6527
0.6530
0.6410
0.6313
0.6304
0.6301
0.6284
0.6273
0.6167
0.5949
0.5832
0.5975
0.6275
0.6501
0.6527
0.6412
0.6338
0.5967
0.6125
0.6221
0.6247
0.6250
0.6250
0.6250
0.6250
0.6250
0.6247
0.6221
0.6125
0.5967
0.5881
0.5967
0.6125
0.6221
0.6247
0.6247
0.6221
0.6125
0.5967
0.5878
0.5938
0.6000
0.5938
0.5878
0.5967
0.6125
0.6221
0.6247
0.6247
0.6218
0.6093
0.5812
0.5475
0.5346
0.5629
0.6253
0.6903
0.7311
0.7465
0.7497
0.7500
0.7497
0.7468
0.7346
0.7091
0.6844
0.6815
0.6937
0.6937
0.6813
0.6813
0.6937
0.6937
0.6815
0.6844
0.7089
0.7314
0.7311
0.7057
0.6690
0.6407
0.5751
0.5717
0.5717
0.5751
0.5894
0.6214
0.6606
0.6821
0.6783
0.6718
0.6819
0.7000
0.7110
0.7140
0.7143
0.7143
0.7143
0.7143
0.7146
0.7179
0.7322
0.7646
0.8068
0.8392
0.8535
0.8568
0.8571
0.8571
0.8571
0.8571
0.8571
0.8568
0.8538
0.8428
0.8248
0.8149
0.8248
0.8428
0.8538
0.8565
0.8535
0.8395
0.8079
0.7637
0.8333
0.8333
0.8333
0.8333
0.8333
0.8333
0.8333
0.8333
0.8333
0.8333
0.8333
0.8333
0.8333
0.8333
0.8333
0.8333
0.8333
0.8333
0.8333
0.8333
0.8333
0.8333
0.8333
0.8333
0.8333
0.8333
0.8333
0.8333
0.8333
0.8333
0.8333
0.8333
0.8333
0.8333
0.8333
0.8333
0.8333
0.8333
0.8333
0.8333
0.8333
0.8333
0.8333
0.8333
0.8330
0.8291
0.8124
0.7746
0.7254
0.6876
0.6709
0.6670
0.6667
0.6667
0.6667
0.6667
0.6667
0.6667
0.6667
0.6667
0.6667
0.6667
0.6667
0.6667
0.6667
0.6667
0.6667
0.6667
0.6667
0.6667
0.6667
0.6667
0.6667
0.6667
0.6667
0.6667
0.6667
0.6667
0.6667
0.6667
0.6667
0.6667
0.6667
0.6667
0.6667
0.6667
0.6667
0.6667
0.6667
