0.9625
0.9270
0.9136
0.9159
0.9240
0.9244
0.9168
0.9104
0.9101
0.9149
0.9213
0.9251
0.9243
0.9218
0.9209
0.9197
0.9188
0.9170
0.9160
0.9167
0.9174
0.9151
0.9136
0.9139
0.9167
0.9205
0.9246
0.9299
0.9351
0.9350
0.9299
0.9242
0.9182
0.9129
0.9114
0.9119
0.9112
0.9058
0.9016
0.9086
0.9204
0.9294
0.9293
0.9266
0.9303
0.9399
0.9500
0.9500
0.9446
0.9420
0.9418
0.9420
0.9434
0.9453
0.9459
0.9415
0.9317
0.9193
0.9065
0.8980
0.8997
0.9067
0.9124
0.9140
0.9163
0.9225
0.9270
0.9259
0.9211
0.9299
0.9344
0.9395
0.9421
0.9413
0.9375
0.9277
0.8924
