0.8421
0.8386
0.8373
0.8439
0.8575
0.8630
0.8517
0.8329
0.8251
0.8450
0.8819
0.9207
0.9305
0.9261
0.9335
0.9497
0.9528
0.9406
0.9328
0.9419
0.9582
0.9596
0.9375
0.9082
0.8936
0.8955
0.9017
0.9069
0.9109
0.9099
0.9037
0.8975
0.8914
0.8706
0.8503
0.8380
0.8386
0.8427
0.8456
0.8562
0.8779
0.9002
0.9135
0.9135
0.8940
0.8703
0.8482
0.8382
0.8465
0.8610
0.8657
0.8591
0.8503
0.8467
0.8501
0.8578
0.8610
0.8546
0.8485
0.8567
0.8744
0.8864
0.8892
0.8885
0.8929
0.9076
0.9247
0.9331
0.9310
0.9231
0.9160
0.9092
0.8951
0.8771
0.8678
0.8650
0.8500
0.8385
0.8265
0.8103
0.7933
0.7887
0.8016
0.8181
0.8220
0.8110
0.7956
0.7866
0.7866
0.7956
0.8111
0.8236
0.8250
0.8182
0.8152
0.8250
0.8433
0.8583
0.8650
0.8665
0.8667
0.8667
0.8667
0.8667
0.8665
0.8650
0.8583
0.8432
0.8236
0.8101
0.8099
0.8221
0.8365
0.8430
0.8436
0.8430
0.8365
0.8219
0.8082
0.8017
0.8000
0.7984
0.7933
0.7849
0.7803
0.7849
0.7933
0.7984
0.7997
0.7984
0.7936
0.7869
0.7871
0.7857
0.7857
0.7857
0.7857
0.7857
0.7857
0.7857
0.7857
0.7857
0.7857
0.7857
0.7857
0.7857
0.7857
0.7857
0.7857
0.7857
0.7857
0.7857
0.7857
0.7857
0.7857
0.7857
0.7859
0.7875
0.7947
0.8109
0.8318
0.8464
0.8464
0.8318
0.8109
0.7947
0.7875
0.7859
0.7857
0.7857
0.7857
0.7857
0.7857
0.7857
0.7859
0.7875
0.7945
0.8091
0.8230
0.8230
0.8091
0.7944
0.7859
0.7787
0.7695
0.7646
0.7695
0.7784
0.7822
0.7767
0.7624
0.7484
0.7484
0.7624
0.7769
0.7839
0.7856
0.7857
0.7856
0.7839
0.7771
0.7642
0.7572
0.7718
0.7997
0.8142
0.8072
0.7944
0.7875
0.7859
0.7857
0.7857
0.7857
0.7856
0.7839
0.7767
0.7606
0.7394
0.7233
0.7161
0.7144
0.7143
0.6921
0.6905
0.6849
0.6788
0.6886
0.7253
0.7669
0.7805
0.7695
0.7611
0.7635
0.7676
0.7691
0.7692
0.7692
0.7692
0.7500
0.7500
0.7273
0.7273
0.7273
0.7273
0.7273
0.7273
0.7273
0.7273
0.7273
0.7273
0.7273
0.7273
0.7273
0.7273
0.7273
0.7273
0.7273
0.7273
0.7273
0.7273
0.7273
0.7273
0.7273
0.7273
0.7273
0.7273
0.7273
0.7273
0.7273
0.7273
0.7273
0.7273
0.7273
0.7273
0.7273
0.7273
0.7273
0.7273
0.7273
0.7273
0.7273
0.7273
0.8000
0.8000
0.8000
0.8000
0.8000
0.8000
0.8000
0.8000
0.8002
0.8025
0.8126
0.8352
0.8648
0.8874
0.8975
0.8998
0.9000
0.9000
0.9000
0.8998
0.8975
0.8752
0.8523
0.8283
0.8197
0.8274
0.8424
0.8609
0.8773
0.8837
0.8779
0.8671
0.8673
0.8750
0.8750
0.8750
0.8750
0.8750
0.8750
0.8750
0.8750
0.8753
0.8782
0.8907
0.9190
0.9560
0.9843
0.9968
0.9997
1.0000
1.0000
1.0000
1.0000
1.0000
1.0000
1.0000
1.0000
1.0000
0.9997
0.9964
0.9821
0.9497
0.9075
0.8751
0.8605
0.8295
0.8127
0.7310
0.6692
