0.8750
0.8954
0.8732
0.8711
0.8854
0.8927
0.8754
0.8534
0.8584
0.8876
0.9117
0.9106
0.9073
0.9055
0.9133
0.9100
0.8901
0.8655
0.8602
0.8805
0.9059
0.9193
0.9227
0.9231
0.9229
0.9211
0.9134
0.8960
0.8733
0.8560
0.8501
0.8558
0.8713
0.8863
0.8863
0.8713
0.8556
0.8481
0.8463
0.8462
0.8462
0.8462
0.8462
0.8462
0.8462
0.8333
0.8333
0.8333
0.8333
0.8333
0.8333
0.8333
0.8332
0.8312
0.8229
0.8040
0.7794
0.7605
0.7521
0.7502
0.7500
0.7500
0.7500
0.7500
0.7498
0.7481
0.7417
0.7976
0.7913
0.7976
0.8091
0.8161
0.8180
0.8182
0.8182
0.8182
0.8182
0.8182
0.8182
0.8182
0.8182
0.8182
0.8182
0.8182
0.8182
0.8182
0.8182
0.8182
0.8182
0.8182
0.8182
0.8182
0.8182
0.8182
0.8182
0.8180
0.8159
0.8068
0.7860
0.7582
0.7362
0.8000
0.8000
0.8000
0.8000
0.8000
0.8000
0.8000
0.8000
0.8000
0.8000
0.8000
0.8000
0.8000
0.8000
0.8000
0.8000
0.8000
0.8000
0.8000
0.8000
0.8000
0.7998
0.7975
0.7874
0.7650
0.7378
0.7249
0.7354
0.7550
0.7648
0.7679
0.7771
0.7900
0.7977
0.7998
0.7998
0.7977
0.7900
0.7773
0.7705
0.7773
0.7900
0.7977
0.7998
0.8000
0.8000
0.8000
0.8000
0.8000
0.8000
0.8000
0.8000
0.8000
0.8000
0.8000
0.8000
0.8000
0.8000
0.8000
0.8000
0.8000
0.8000
0.8000
0.8000
0.8000
0.8000
0.8000
0.8000
0.8000
0.8000
0.8000
0.8000
0.8000
0.8000
0.8000
0.8000
0.8000
0.8000
0.8000
0.8000
0.8000
0.8000
0.7998
0.7977
0.7900
0.7773
0.7705
0.7773
0.7900
0.7977
0.7996
0.7977
0.7898
0.7748
0.7581
0.7446
0.7389
0.7541
0.7752
0.7667
0.7521
0.7428
0.7503
0.7500
0.7500
0.7500
0.7500
0.7500
0.7500
0.7500
0.7500
0.7500
0.7500
0.7500
0.7500
0.7500
0.7500
0.7500
0.7500
0.7500
0.7500
0.7500
0.7497
0.7471
0.7375
0.7217
0.7125
0.7158
0.7125
0.6904
0.6759
0.6933
0.7250
0.7442
0.7495
0.7500
0.7500
0.7500
0.7500
0.7500
0.7500
0.7500
0.7500
0.7500
0.7500
0.7500
0.7500
0.7500
0.7500
0.7500
0.7500
0.7500
0.7500
0.7500
0.7500
0.7500
0.7500
0.7500
0.7500
0.7500
0.7500
0.7500
0.7500
0.7500
0.7500
0.7500
0.7500
0.7500
0.7500
0.7500
0.7500
0.7500
0.7500
0.7500
0.7500
0.7500
0.7500
0.7500
0.7500
0.7500
0.7500
0.7500
0.7500
0.7500
0.7500
0.7500
0.7500
0.7500
0.7500
0.7500
0.7500
0.7500
0.7500
0.7500
0.7500
0.7500
0.7500
0.7500
0.7500
0.7500
0.7500
0.7500
0.7500
0.7500
0.7500
0.7500
0.7500
0.7503
0.7532
0.7654
0.7911
0.8185
0.8068
0.8113
0.8244
0.8428
0.8295
0.8330
0.8333
0.8333
