0.9009
0.8962
0.9044
0.9076
0.9123
0.9255
0.9283
0.9276
0.9152
0.9009
0.8963
0.8818
0.8655
0.8493
0.8578
0.8532
0.8552
0.8715
0.8761
0.8764
0.8771
0.8775
0.8784
0.8803
0.8774
0.8727
0.8691
0.8718
0.8734
0.8718
0.8738
0.8826
0.8950
0.9076
0.9188
0.9224
0.9199
0.9074
0.8963
0.8931
0.8939
0.8924
0.9007
0.8942
0.8824
0.8806
0.8865
0.8910
0.9025
0.8963
0.8909
0.8862
0.8815
0.8723
0.8672
0.8641
0.8679
0.8640
0.8706
0.8784
0.8887
0.8989
0.8962
0.8775
0.8535
0.8547
0.8612
0.8703
0.8766
0.8776
0.8728
0.8637
0.8571
0.8640
0.8695
0.8580
0.8450
0.8175
0.8078
0.8200
0.8437
0.8637
0.8732
0.8917
0.8811
0.8790
0.8858
0.8830
0.8770
0.8717
0.8771
0.8836
0.8837
0.8782
0.8699
0.8540
0.8390
0.8480
0.8702
0.8763
0.8785
0.8735
0.8706
0.8651
0.8556
0.8428
0.8371
0.8401
0.8401
0.8381
0.8362
0.8340
0.8331
0.8344
0.8357
0.8375
0.8392
0.8347
0.8302
0.8382
0.8517
0.8616
0.8650
0.8585
0.8543
0.8517
0.8524
0.8378
0.8124
0.7777
0.7458
0.7331
0.7355
0.7488
0.7612
0.7492
0.7472
0.7408
