0.8462
0.8462
0.8479
0.8540
0.8663
0.8686
0.8708
0.8860
0.8973
0.8935
0.8678
0.8296
0.8027
0.8001
0.8114
0.8077
0.8225
0.8295
0.8227
0.8098
0.7998
0.7879
0.7671
0.7455
0.7378
0.7446
0.7581
0.7748
0.7898
0.7977
0.7998
0.8000
0.8000
0.8000
0.8000
0.8000
0.8002
0.8023
0.8102
0.8252
0.8419
0.8556
0.8646
0.8648
0.8581
0.8544
0.8604
0.8750
0.8898
0.8977
0.8996
0.8977
0.8900
0.8773
0.8705
0.8773
0.8900
0.8977
0.8998
0.9000
0.9000
0.8998
0.8977
0.8903
0.8804
0.8806
0.8889
0.8889
0.8889
0.8889
0.8889
0.8889
0.8889
0.8889
0.8889
0.8889
0.8889
0.8889
0.8889
0.8889
0.8889
0.8889
0.8889
0.8889
0.8889
0.8889
0.8889
0.8889
0.8889
0.8889
0.8889
0.8889
0.8889
0.8889
0.8889
0.8889
0.8889
0.8889
0.8889
0.8889
0.8889
0.8889
0.8889
0.8889
0.8889
0.8889
0.8889
0.8889
0.8889
0.8889
0.8889
0.8889
0.8889
0.8889
0.8889
0.8889
0.8889
0.8889
0.8889
0.8889
0.8889
0.8889
0.8889
0.8889
0.8889
0.8889
0.8889
0.8889
0.8889
0.8889
0.8889
0.8889
0.8889
0.8889
0.8891
0.8917
0.9028
0.9278
0.9580
0.9721
0.9580
0.9278
0.9028
0.8917
0.8891
0.8889
0.8889
0.8889
0.8889
0.8889
0.8889
0.8891
0.8917
0.9026
0.9252
0.9469
0.9469
0.9252
0.9026
0.8917
0.8891
0.8889
0.8889
0.8889
0.8889
0.8889
0.8889
0.8889
0.8889
0.8889
0.8889
0.8889
0.8889
0.8889
0.8889
0.8889
0.8889
0.8889
0.8889
0.8889
0.8889
0.8889
0.8889
0.8889
0.8889
0.8889
0.8889
0.8889
0.8889
0.8889
0.8889
0.8889
0.8889
0.8889
0.8889
0.8889
0.8889
0.8889
0.8889
0.8889
0.8889
0.8889
0.8889
0.8889
0.8889
0.8889
0.8889
0.8889
0.8889
0.8889
0.8889
0.8889
0.8889
0.8889
0.8889
0.8889
0.8889
0.8889
0.8889
0.8889
0.8889
0.8889
0.8889
0.8889
0.8889
0.8889
0.8889
0.8889
0.8889
0.8889
0.8889
0.8889
0.8889
0.8889
0.8889
0.8889
0.8889
0.8889
0.8889
0.8889
0.8889
0.8889
0.8889
0.8889
0.8889
0.8889
0.8889
0.8889
0.8889
0.8889
0.8889
0.8886
0.8863
0.8778
0.8637
0.8561
0.8637
0.8778
0.8863
0.8886
0.8889
0.8889
0.8889
0.8889
0.8889
0.8889
0.8889
0.8889
0.8889
0.8889
0.8889
0.8889
0.8889
0.8889
0.8889
0.8889
0.8889
0.8889
0.8889
0.8886
0.8861
0.8752
0.8526
0.8309
0.8309
0.8526
0.8752
0.8858
0.8858
0.8749
0.8497
0.8169
0.7917
0.7795
0.8750
0.8750
0.8750
0.8750
0.8750
0.8750
0.8750
0.8750
0.8750
0.8747
0.8721
0.8625
0.8464
0.8352
0.8341
0.8341
0.8352
0.8464
0.8625
0.8721
0.8747
0.8750
0.8750
0.8750
0.8750
0.8750
0.8750
0.8750
0.8750
0.8750
0.8750
0.8750
0.8750
0.8750
0.8747
0.8721
0.8625
0.8467
0.8381
0.8467
0.8625
0.8721
0.8747
0.8750
0.8750
0.8750
0.8750
0.8750
0.8750
0.8750
0.8750
0.8750
0.8568
0.8538
0.8428
0.8248
0.8149
0.8248
0.8425
0.8505
0.8425
0.8248
0.8149
0.8248
0.8425
0.8502
0.8392
0.8101
0.7792
0.7682
0.7781
0.7970
0.8175
0.8243
0.8002
0.7500
0.7001
0.6790
0.6968
0.7360
0.7708
0.7931
0.8032
0.7922
0.7215
0.6872
0.6709
0.6670
0.6667
0.6670
0.6705
0.6196
0.6403
0.5430
0.4750
0.5252
0.4926
0.5251
0.5500
0.5597
0.5904
0.6333
0.6589
0.6659
0.6667
0.6667
0.6667
