0.8898
0.8922
0.8849
0.8686
0.8623
0.8592
0.8572
0.8587
0.8583
0.8641
0.8670
0.8661
0.8549
0.8517
0.8563
0.8713
0.8798
0.8874
0.8917
0.8930
0.8926
0.8923
0.8896
0.8874
0.8876
0.8880
0.8887
0.8841
0.8827
0.8928
0.8909
0.8884
0.8925
0.8880
0.8906
0.8995
0.9066
0.9107
0.9100
0.9066
0.9033
0.9039
0.9102
0.9126
0.9153
0.9169
0.9158
0.9118
0.9067
0.9034
0.9030
0.9044
0.9073
0.9120
0.9152
0.9137
0.9085
0.9100
0.8988
0.8817
0.8690
0.8689
0.8765
0.8831
0.8841
0.8823
0.8849
0.8928
0.9023
0.9062
0.9060
0.9010
0.8939
0.8811
0.8787
0.8660
0.8698
0.8681
0.8397
0.8021
0.7953
0.7495
