0.9394
0.9225
0.9438
0.9584
0.9682
0.9662
0.9490
0.9286
0.9215
0.9154
0.9049
0.8955
0.8951
0.9000
0.9020
0.8887
0.8599
0.8111
0.7695
0.7650
0.7926
0.8239
0.8409
0.8413
0.8284
0.8113
0.8029
0.8060
0.8126
0.8203
0.8284
0.8323
0.8330
0.8375
0.8421
0.8421
0.8420
0.8407
0.8343
0.8179
0.8333
0.8333
0.8333
0.8333
0.8235
0.8235
0.8235
0.8234
0.8222
0.8176
0.8102
0.8061
0.8102
0.8176
0.8222
0.8234
0.8235
0.8235
0.8235
0.8125
0.8125
0.8125
0.8125
0.8125
0.8124
0.8107
0.8017
0.7774
0.7833
0.7736
0.7698
0.7735
0.7818
0.7865
0.7833
0.7802
0.7695
0.7786
0.7841
0.7856
0.7857
0.7857
0.7859
0.7874
0.7929
0.8032
0.8162
0.8234
0.8287
0.8385
0.8444
0.8460
0.8462
0.8462
0.8462
0.8460
0.8442
0.8367
0.8210
0.8060
0.8062
0.8219
0.8384
0.8312
0.8231
0.8059
0.7877
0.7798
0.7803
0.7796
0.7593
0.7387
0.7296
0.7275
0.7273
0.8000
0.8000
0.8000
0.8000
0.8000
0.8000
0.8000
0.8000
0.8000
0.8000
0.8000
0.8000
0.8000
0.8000
0.8000
0.8000
0.8000
0.8000
0.8000
0.8000
0.8000
0.8000
0.7998
0.7977
0.7903
0.7804
0.7806
0.7778
0.7778
0.7778
0.7775
0.7752
0.7667
0.7526
0.7449
0.7526
0.7667
0.7760
0.6667
