0.9130
0.8580
0.8402
0.8449
0.8589
0.8760
0.8846
0.8835
0.8886
0.9008
0.9082
0.9149
0.9281
0.9397
0.9382
0.9333
0.9309
0.9347
0.9453
0.9594
0.9701
0.9740
0.9724
0.9688
0.9726
0.9824
0.9887
0.9862
0.9801
0.9773
0.9802
0.9875
0.9949
0.9988
0.9997
0.9975
0.9877
0.9672
0.9466
0.9428
0.9560
0.9729
0.9861
0.9948
0.9987
0.9986
0.9937
0.9824
0.9676
0.9563
0.9513
0.9500
0.9488
0.9450
0.9387
0.9352
0.9387
0.9450
0.9488
0.9499
0.9500
0.9500
0.9500
0.9500
0.9500
0.9500
0.9499
0.9488
0.9449
0.9375
0.9302
0.9272
0.9291
0.9325
0.9336
0.9341
0.9384
0.9438
0.9438
0.9384
0.9338
0.9310
0.9198
0.8925
0.8550
0.8103
0.8222
0.8766
0.8810
0.8824
0.8838
0.8897
0.9031
0.9203
0.9324
0.9337
0.9262
0.9164
0.9071
0.8972
0.8884
0.8837
0.8825
0.8822
0.8811
0.8780
0.8763
0.8842
0.8999
0.9087
0.9076
0.9102
0.9220
0.9339
0.9397
0.9410
0.9412
0.9410
0.9397
0.9338
0.9202
0.9003
0.8780
0.8573
0.8492
0.8631
0.8913
0.9178
0.9349
0.9457
0.9559
0.9659
0.9752
0.9852
0.9939
0.9971
0.9925
0.9794
0.9634
0.9559
0.9634
0.9794
0.9926
0.9985
0.9999
1.0000
1.0000
1.0000
1.0000
1.0000
1.0000
1.0000
1.0000
1.0000
1.0000
1.0000
1.0000
1.0000
1.0000
1.0000
1.0000
1.0000
1.0000
1.0000
1.0000
0.9999
0.9985
0.9927
0.9793
0.9645
0.9550
0.9517
0.9553
0.9679
0.9887
0.9829
0.9655
0.9545
0.9597
0.9484
0.9271
0.8906
0.8516
0.8593
0.8834
