0.8966
0.8705
0.8512
0.8510
0.8703
0.8778
0.8773
0.8583
0.8474
0.8227
0.8005
0.7931
0.8050
0.8112
0.8104
0.7924
0.7901
0.7924
0.7749
0.7661
0.7617
0.7401
0.7220
0.6896
0.6567
0.6458
0.6848
0.6904
0.6904
0.6846
0.7309
0.7233
0.7208
0.7144
0.7044
0.7044
0.7144
0.7205
0.7217
0.7292
0.7273
0.7273
0.7000
0.7000
0.7000
0.7000
0.7000
0.7000
0.7000
0.7000
0.7000
0.7000
0.7000
0.7000
0.7000
0.7000
0.7000
0.7000
0.7000
0.7000
0.7000
0.7000
0.7000
0.7000
0.7000
0.7000
0.7000
0.7000
0.7000
0.7000
0.7000
0.7000
0.7000
0.6667
0.6667
0.6667
0.6667
0.6667
0.6667
0.6667
0.6669
0.6695
0.6804
0.7032
0.7273
0.7361
0.7310
0.7271
0.7338
0.7500
0.7662
0.7442
0.7372
0.7217
0.7131
0.7217
0.7375
0.7471
0.8568
0.8333
0.8333
0.8333
0.8000
0.7500
0.7500
0.7500
0.7500
0.7500
0.7500
0.6667
0.6667
0.6667
0.6667
0.6667
0.6667
