0.9000
0.9245
0.9454
0.9413
0.9260
0.9007
0.8740
0.8914
0.8866
0.8844
0.8810
0.8635
0.8324
0.7809
0.7552
0.7786
0.7824
0.7784
0.7742
0.7751
0.7922
0.8172
0.8342
0.8405
0.8407
0.8354
0.8223
0.8029
0.7855
0.7819
0.7962
0.8183
0.8343
0.8407
0.8420
0.8421
0.8421
0.8421
0.8421
0.8421
0.8421
0.8421
0.8421
0.8421
0.8421
0.8421
0.8420
0.8408
0.8355
0.8236
0.8080
0.7961
0.7908
0.7896
0.7895
0.7895
0.7895
0.7895
0.7894
0.7882
0.7840
0.7749
0.7608
0.7274
0.7059
0.6748
0.7090
0.7344
0.7452
0.7420
0.7297
0.7190
0.7251
0.7501
0.7765
0.7889
0.7923
0.7982
0.8062
0.7984
0.7999
0.8000
0.8000
0.8000
0.8000
0.8000
0.8000
0.8000
0.8000
0.8000
0.8000
0.8000
0.8000
0.7999
0.7984
0.7933
0.7849
0.7803
0.7695
0.7786
0.7841
0.7856
0.7692
0.7692
0.7691
0.7674
0.7615
0.7516
0.7444
0.7403
0.7269
0.7021
0.6887
0.7039
0.7344
0.7560
0.7594
0.7516
0.7463
0.7500
0.7538
0.7502
0.7485
0.7425
0.7725
0.7862
0.8068
0.8157
0.8157
0.8068
0.7862
0.7593
0.7387
0.7296
0.7273
0.8000
0.8000
0.8000
0.8000
0.8000
0.8000
0.8000
0.8000
0.8000
0.8000
0.8000
0.8000
0.8000
0.8000
0.8000
0.8000
0.8000
0.8000
0.7998
0.7975
0.7872
0.7627
0.7278
0.7024
0.7082
0.7423
0.7772
0.7926
0.7872
0.7673
0.7478
0.7478
0.7673
0.7874
0.7949
0.7870
0.7624
0.7252
0.6897
0.6705
0.6652
0.6573
0.6455
0.6476
0.6673
0.6877
0.6975
0.6998
0.7002
0.7025
0.7124
0.7345
0.7654
0.7778
0.7778
0.7778
0.7500
0.7500
0.7143
0.7143
