1.0000
1.0000
0.9984
0.9933
0.9847
0.9788
0.9781
0.9765
0.9704
0.9613
0.9503
0.9418
0.9392
0.9539
0.9748
0.9910
0.9982
0.9998
1.0000
1.0000
1.0000
1.0000
1.0000
1.0000
1.0000
1.0000
1.0000
1.0000
1.0000
1.0000
0.9998
0.9983
0.9929
0.9838
0.9789
0.9838
0.9929
0.9983
0.9998
1.0000
1.0000
1.0000
1.0000
1.0000
1.0000
1.0000
1.0000
1.0000
1.0000
1.0000
1.0000
1.0000
1.0000
1.0000
1.0000
0.9998
0.9983
0.9929
0.9838
0.9789
0.9838
0.9927
0.9967
0.9925
0.9821
0.9696
0.9651
0.9694
0.9790
0.9844
0.9808
0.9771
0.9826
0.9923
0.9981
0.9998
0.9998
0.9981
0.9920
0.9836
0.9838
1.0000
1.0000
1.0000
1.0000
1.0000
1.0000
1.0000
1.0000
0.9998
0.9979
0.9909
0.9794
0.9731
0.9794
0.9909
0.9977
0.9977
0.9912
0.9822
0.9806
1.0000
1.0000
1.0000
1.0000
1.0000
0.9998
0.9972
0.9863
0.9637
0.9420
0.9420
0.9591
0.9846
0.9968
0.9997
1.0000
1.0000
1.0000
1.0000
0.9997
0.9971
0.9879
0.9755
0.9723
