0.9080
0.8993
0.8967
0.8920
0.8894
0.8798
0.8765
0.8833
0.8939
0.9008
0.9023
0.9066
0.9141
0.9163
0.9147
0.9109
0.9072
0.9104
0.9164
0.9177
0.9175
0.9152
0.9118
0.9079
0.9042
0.8979
0.8997
0.8977
0.8948
0.8901
0.8872
0.8850
0.8839
0.8833
0.8825
0.8806
0.8788
0.8776
0.8752
0.8705
0.8640
0.8576
0.8537
0.8521
0.8630
0.8682
0.8692
0.8740
0.8662
0.8596
0.8540
0.8496
0.8502
0.8597
0.8732
0.8792
0.8780
0.8749
0.8728
0.8719
0.8718
0.8802
0.8788
0.8754
0.8747
0.8783
0.8805
0.8824
0.8858
0.8884
0.8891
0.8905
0.8906
0.8894
0.8886
0.8878
0.8872
0.8846
0.8822
0.8799
0.8762
0.8701
0.8623
0.8559
0.8495
0.8411
0.8488
0.8524
0.8523
0.8470
0.8384
0.8223
0.8084
0.7974
0.7911
0.7915
0.7926
0.7837
0.7678
0.7644
0.7717
0.7879
0.7941
0.7932
0.7892
0.7967
0.7947
0.7959
0.8172
0.8337
0.8378
0.8273
0.8192
0.8137
0.8060
0.8010
0.7957
0.7917
0.7891
0.7817
0.7719
0.7608
0.7550
0.7528
0.7621
0.7642
0.7651
0.7663
0.7580
0.7416
0.7290
0.7278
