0.8571
0.7950
0.7567
0.7414
0.7393
0.7416
0.7571
0.7930
0.8340
0.8608
0.8640
0.8764
0.8804
0.8697
0.8555
0.8481
0.8463
0.8462
0.8462
0.8462
0.8333
0.8333
0.8333
0.8333
0.8333
0.8333
0.8333
0.8333
0.8333
0.8333
0.8333
0.8333
0.8333
0.8333
0.8333
0.8333
0.8333
0.8182
0.8182
0.8182
0.8182
0.8182
0.8182
0.8182
0.8180
0.8161
0.8091
0.7976
0.7913
0.7976
0.8091
0.8161
0.8180
0.8182
0.8180
0.8159
0.8068
0.7862
0.7593
0.7387
0.7296
0.7275
0.7273
0.7273
0.7273
0.7273
0.7273
0.7273
0.7273
0.7273
0.7271
0.7250
0.7159
0.6954
0.6707
0.6592
0.6707
0.6952
0.7137
0.6876
0.6778
0.7455
0.7255
0.7258
0.7143
0.7143
0.7143
0.7143
0.8333
0.8333
0.8000
0.8000
0.8000
