0.9545
0.9483
0.9342
0.9217
0.9100
0.9148
0.9368
0.9567
0.9504
0.9229
0.8965
0.8958
0.9143
0.9228
0.9479
0.9417
0.9436
0.9613
0.9767
0.9734
0.9582
0.9501
0.9585
0.9767
0.9910
0.9980
0.9982
0.9927
0.9820
0.9699
0.9588
0.9484
0.9448
0.9552
0.9733
0.9837
0.9802
0.9698
0.9586
0.9467
0.9377
0.9389
0.9503
0.9571
0.9418
0.9735
0.9747
0.9749
0.9755
0.9824
0.9923
0.9982
0.9998
1.0000
1.0000
1.0000
1.0000
1.0000
1.0000
1.0000
1.0000
1.0000
1.0000
1.0000
1.0000
1.0000
1.0000
1.0000
1.0000
1.0000
1.0000
1.0000
0.9998
0.9982
0.9923
0.9826
0.9771
0.9808
0.9846
0.9806
0.9753
0.9728
0.9728
0.9734
0.9809
0.9917
0.9981
0.9998
1.0000
1.0000
1.0000
1.0000
1.0000
1.0000
1.0000
1.0000
1.0000
1.0000
1.0000
1.0000
1.0000
1.0000
1.0000
1.0000
1.0000
1.0000
1.0000
1.0000
1.0000
0.9998
0.9981
0.9917
0.9811
0.9754
0.9809
0.9897
0.9897
0.9809
0.9754
0.9811
0.9915
0.9961
0.9915
0.9811
0.9754
0.9809
0.9897
0.9895
0.9788
0.9617
0.9476
0.9343
0.9298
0.9432
0.9682
0.9886
0.9977
0.9998
1.0000
1.0000
1.0000
1.0000
1.0000
1.0000
1.0000
1.0000
1.0000
1.0000
1.0000
1.0000
1.0000
1.0000
1.0000
0.9998
0.9977
0.9886
0.9680
0.9411
0.9205
0.9114
0.9093
0.9091
0.9091
0.9091
0.9091
0.9091
0.9091
0.9091
0.9091
0.9089
0.9068
0.8874
0.8648
0.8354
0.8153
0.8163
0.8372
0.8526
0.8596
0.8718
0.8565
0.8535
0.8395
0.7788
0.7482
0.7597
0.8000
0.8000
0.8000
