0.7500
0.8662
0.9296
0.9452
0.9378
0.9327
0.9295
0.9254
0.9287
0.9443
0.9623
0.9703
0.9692
0.9623
0.9455
0.9299
0.9372
0.9623
0.9773
0.9683
0.9458
0.9271
0.9188
0.9093
0.9091
0.9091
0.9091
0.9091
0.9091
0.9091
0.9091
0.9091
0.9091
0.9091
0.9089
0.9070
0.9000
0.8885
0.8822
0.8885
0.8998
0.9049
0.8996
0.8864
0.8731
0.8679
0.8731
0.8864
0.8998
0.9070
0.9089
0.9091
0.9089
0.9070
0.9000
0.8885
0.8820
0.8864
0.8909
0.8862
0.8679
0.8673
0.8673
0.8681
0.8771
0.8900
0.8977
0.8998
0.9000
0.9000
0.9000
0.8998
0.8977
0.8900
0.8773
0.8705
0.8773
0.8900
0.8977
0.8998
0.9000
0.9000
0.9000
0.9000
0.9000
0.8998
0.8977
0.8778
0.8637
0.8561
0.8637
0.8778
0.8863
0.8886
0.8889
0.8889
0.8889
0.8889
0.8889
0.8889
0.8889
0.8889
0.8889
0.8889
0.8889
0.8886
0.8863
0.8778
0.8637
0.8561
0.8637
0.8778
0.8863
0.8886
0.8889
0.8889
0.8889
0.8889
0.8889
0.8889
0.8889
0.8886
0.8863
0.8778
0.8637
0.8561
0.8637
0.8778
0.8863
0.8886
0.8889
0.8889
0.8889
0.8889
0.8889
0.8889
0.8889
0.8889
0.8889
0.8889
0.8889
0.8889
0.8889
0.8889
0.8891
0.8917
0.9028
0.9278
0.9583
0.9749
0.9717
0.9641
0.9609
0.9497
0.9254
0.9026
0.8917
0.8891
0.8889
0.8889
0.8889
0.8889
0.8889
0.8889
0.8889
0.8889
0.8889
0.8889
0.8889
0.8889
0.8889
0.8889
0.8889
0.8889
0.8889
0.8889
0.8889
0.8889
0.8889
0.8889
0.8889
0.8889
0.8889
0.8889
0.8886
0.8861
0.8752
0.8526
0.8309
0.8309
0.8526
0.8752
0.8858
0.8861
0.8778
0.8637
0.8558
0.8609
0.8638
0.8472
0.8167
0.7917
0.7806
0.7780
0.7778
0.7778
0.7780
0.7806
0.7917
0.8169
0.8495
0.8721
0.8721
0.8495
0.8169
0.7915
0.7778
0.7641
0.7389
0.7086
0.6946
0.7086
0.7386
0.7612
0.7641
0.7549
0.7561
0.7780
0.8023
0.8143
0.8278
0.8523
0.8752
0.8861
0.8886
0.8889
0.8747
0.8721
0.8625
0.8467
0.8378
0.8438
0.8500
0.8438
0.8378
0.8467
0.8625
0.8721
0.8747
0.8750
0.8750
0.8750
0.8750
0.8750
0.8750
0.8571
0.8571
0.8571
0.8571
0.8571
0.8571
0.8571
0.8571
0.8571
0.8571
0.8571
0.8571
0.8571
0.8333
0.8333
0.8333
0.8333
0.8333
0.8333
0.8333
0.8333
0.8333
0.8333
0.8333
0.8333
0.8333
0.8333
0.8333
0.8333
0.8333
0.8333
0.8333
0.8333
0.8333
0.8333
0.8333
0.8333
0.8333
0.8333
0.8333
0.8333
0.8333
0.8333
0.8333
0.8333
0.8333
0.8333
0.8330
0.8291
0.8124
0.7746
0.7254
0.6876
0.6709
0.6670
0.6667
0.6667
0.6667
0.6667
0.6667
0.6667
0.6667
0.6670
0.6709
0.6876
0.7254
0.7746
0.8124
0.8291
0.8330
0.8330
0.8295
0.8167
0.7955
0.7841
0.7955
0.8167
0.8295
0.8330
0.8333
0.8333
0.8333
0.8333
0.8333
0.8333
0.8333
0.8333
0.8333
0.8333
0.8333
0.8333
0.8333
0.8333
0.8333
0.8333
0.8333
0.8333
0.8333
0.8333
0.8333
0.8333
0.8333
0.8333
0.8333
0.8333
0.8333
0.8333
0.8333
0.8333
0.8333
0.8333
0.8333
0.8333
0.8333
0.8337
0.8376
0.8543
0.8917
0.9371
0.9582
0.9371
0.8917
0.8543
0.8376
0.8333
0.8298
0.8202
0.8087
0.8094
0.7935
0.8367
0.8996
0.9591
0.9907
0.9991
1.0000
1.0000
0.9996
0.9945
0.9698
0.9044
0.8004
0.7002
0.6506
0.6560
0.6846
0.7162
0.7547
0.8047
0.8658
0.9291
0.9749
0.9949
0.9991
0.9949
0.9749
0.9295
0.8705
0.8251
0.8051
0.8004
0.8000
0.8000
0.8000
0.5000
0.0000
0.0000
0.0000
0.0000
