0.9310
0.8873
0.8815
0.8919
0.8882
0.8868
0.8877
0.8987
0.8899
0.8740
0.8572
0.8591
0.8789
0.8828
0.8899
0.8982
0.9014
0.8987
0.8946
0.8896
0.8828
0.8791
0.8813
0.8818
0.8639
0.8472
0.8435
0.8581
0.8765
0.8862
0.8885
0.8876
0.8832
0.8751
0.8682
0.8694
0.8809
0.8984
0.9154
0.9291
0.9386
0.9432
0.9443
0.9444
0.9444
0.9443
0.9432
0.9391
0.9334
0.9323
0.9338
0.9205
0.9031
0.8897
0.8837
0.8811
0.8765
0.8690
0.8650
0.8690
0.8765
0.8810
0.8822
0.8824
0.8824
0.8822
0.8809
0.8751
0.8631
0.8516
0.8516
0.8631
0.8751
0.8734
0.8749
0.8750
0.8750
0.8750
0.8667
0.8665
0.8553
0.8480
0.8303
0.8037
0.7783
0.7649
0.7643
0.7712
0.7863
0.8068
0.8175
0.8145
0.8107
0.8104
0.8116
0.8205
0.8305
0.8096
0.7874
0.7458
0.7418
0.7743
0.7728
0.7424
0.7663
0.6921
0.6999
0.7439
0.8036
