0.9091
0.8973
0.8597
0.8065
0.7600
0.7269
0.6893
0.6497
0.5945
0.5862
0.6212
0.6250
0.6250
0.6247
0.6221
0.6125
0.5967
0.5881
0.5967
0.6125
0.6221
0.6247
0.6250
0.6250
0.6250
0.6250
0.6250
0.6250
0.6250
0.6250
0.6250
0.6250
0.6250
0.6247
0.6221
0.6125
0.5967
0.5881
0.5967
0.6125
0.6221
0.6247
0.6250
0.6250
0.6250
0.6250
0.6250
0.6253
0.6282
0.6404
0.6661
0.6935
0.7060
0.7099
0.7214
0.7375
0.7471
0.7497
0.7500
0.7500
0.7500
0.7500
0.7500
0.7500
0.7500
0.7500
0.7497
0.7471
0.7375
0.7217
0.7131
0.7217
0.7375
0.7471
0.7497
0.7503
0.7532
0.7657
0.7940
0.8310
0.8593
0.8718
0.8747
0.8750
0.8750
0.8750
0.8750
0.8750
0.8750
0.8750
0.8750
0.8750
0.8750
0.8750
0.8750
0.8750
0.8750
0.8747
0.8718
0.8593
0.8310
0.7940
0.7657
0.7532
0.7503
0.7500
0.7500
0.7500
0.7500
0.7500
0.7500
0.7500
0.7500
0.7500
0.7500
0.7503
0.7532
0.7654
0.7909
0.8153
0.8156
0.7940
0.7811
0.7969
0.8281
0.8439
0.8310
0.8094
0.8097
0.8341
0.8596
0.8718
0.8747
0.8750
0.8750
0.8750
0.8750
0.8750
0.8750
0.8750
0.8750
0.8750
0.8750
0.8750
0.8750
0.8750
0.8750
0.8750
0.8750
0.8750
0.8750
0.8750
0.8750
0.8750
0.8750
0.8750
0.8750
0.8750
0.8750
0.8750
0.8750
0.8750
0.8747
0.8718
0.8593
0.8310
0.7940
0.7322
0.7179
0.7146
0.7143
0.7143
0.7143
0.7143
0.7143
0.7146
0.7179
0.7322
0.7646
0.8068
0.8392
0.8535
0.8568
0.8571
0.8571
0.8571
0.8571
0.8571
0.8571
0.8571
0.8571
0.8571
0.8571
0.8568
0.8535
0.8395
0.8105
0.7825
0.7825
0.8105
0.8395
0.8535
0.8568
0.8571
0.8571
0.8571
0.8571
0.8571
0.8575
0.8605
0.8714
0.8895
0.8994
0.8892
0.8681
0.8462
0.8251
0.8149
0.8248
0.8428
0.8538
0.8568
0.8571
0.8571
0.8571
0.8575
0.8608
0.8751
0.8920
0.9413
0.9686
0.9915
0.9985
0.9908
0.9491
0.8330
0.6307
0.5617
0.4991
0.4267
0.2700
