0.7692
0.7798
0.8026
0.8469
0.8593
0.8545
0.8414
0.8297
0.8327
0.8316
0.8463
0.8562
0.8597
0.8554
0.8529
0.8660
0.8721
0.8735
0.8728
0.8747
0.8773
0.8782
0.8917
0.8964
0.8960
0.8915
0.8959
0.8934
0.8868
0.8709
0.8674
0.8507
0.8383
0.8308
0.8249
0.8472
0.8494
0.8668
0.8864
0.8995
0.9062
0.9068
0.9054
0.9070
0.9129
0.9186
0.9191
0.9121
0.9043
0.9197
0.9260
0.9362
0.9385
0.9272
0.9082
0.8931
0.8869
0.8834
0.8773
0.8724
0.8750
0.8834
0.8885
0.8981
0.8942
0.8902
0.8915
0.8959
0.9038
0.9104
0.9159
0.9232
0.9321
0.9357
0.9333
0.9292
0.9300
0.9333
0.9310
0.9212
0.9107
0.9060
0.9064
0.9236
0.9311
0.9297
0.9171
0.9010
0.8817
0.8580
0.8463
0.8686
0.8628
0.8608
0.8670
0.8776
0.8822
0.8735
0.8543
0.8528
0.8490
0.8539
0.8614
0.8668
0.8691
0.8641
0.8659
0.8687
0.8697
0.8649
0.8469
0.8522
0.8547
0.8539
0.8380
0.8080
0.8123
0.8103
0.8446
0.8505
0.8510
0.8345
0.8218
0.8279
0.8771
