0.9035
0.9109
0.9249
0.9301
0.9282
0.9313
0.9338
0.9393
0.9449
0.9436
0.9352
0.9335
0.9305
0.9255
0.9281
0.9206
0.9258
0.9252
0.9201
0.9104
0.9012
0.8942
0.8861
0.8887
0.8947
0.8957
0.9008
0.9102
0.9159
0.9160
0.9084
0.8980
0.8926
0.8907
0.8908
0.8882
0.8800
0.8662
0.8693
0.8669
0.8815
0.8904
0.9017
0.9064
0.9082
0.9035
0.8993
0.8965
0.8976
0.8964
0.8929
0.8843
0.8769
0.8685
0.8585
0.8503
0.8566
0.8703
0.8700
0.8702
0.8682
0.8658
0.8525
0.8572
0.8583
0.8616
0.8643
0.8664
0.8643
0.8567
0.8484
0.8452
0.8465
0.8426
0.8389
0.8389
0.8391
0.8411
0.8430
0.8463
0.8510
0.8565
0.8650
0.8768
0.8842
0.8794
0.8676
0.8600
0.8593
0.8634
0.8702
0.8805
0.8940
0.9014
0.9079
0.9061
0.9000
0.8903
0.8802
0.8810
0.8652
0.8600
0.8767
0.8768
0.8744
0.8701
0.8710
0.8939
0.8944
0.8947
0.8968
0.8994
0.8969
0.8936
0.8866
0.8825
0.8751
0.8694
0.8688
0.8665
0.8656
0.8658
0.8652
0.8630
0.8609
0.8844
0.8827
0.8786
0.8744
0.8727
0.8737
0.8757
0.8763
0.8766
0.8791
0.8821
0.8815
0.8756
0.8679
0.8644
0.8687
0.8793
0.8922
0.9035
0.9106
0.9110
0.9110
0.9081
0.9022
0.8933
0.8933
0.8992
0.9053
0.9074
0.9038
0.8923
0.8750
0.8617
0.8553
0.8634
0.8767
0.8889
0.8945
0.8962
0.8991
0.9031
0.9055
0.9062
0.9063
0.9070
0.9102
0.9172
0.9253
0.9274
0.9168
0.9050
0.8992
0.8976
0.8952
0.8936
0.8958
0.8992
0.8984
0.8918
0.8824
0.8758
0.8716
0.8777
0.8849
0.8844
0.8854
0.8878
0.8840
0.8760
0.8625
0.8554
0.8609
0.8647
0.8656
0.8614
0.8599
0.8568
0.8627
0.8720
0.8751
0.8789
0.8786
0.8721
0.8527
0.8455
0.8339
0.8360
0.8466
0.8522
0.8501
0.8443
0.8371
0.8316
0.8248
0.8251
0.8334
0.8311
0.7989
0.7871
0.7810
0.7712
0.7819
0.7799
0.7823
0.7791
0.7585
0.7656
0.7865
0.8054
