1.0000
0.9543
0.9256
0.9097
0.9190
0.9359
0.9512
0.9633
0.9772
0.9996
0.9975
0.9863
0.9559
0.9877
0.9671
0.9391
0.9278
0.9220
0.9034
0.8776
0.8726
0.9031
0.9497
0.9830
0.9918
0.9773
0.9468
0.9201
0.9079
0.8944
0.8699
0.8473
0.8387
0.8449
0.8611
0.8775
0.8863
0.8886
0.8889
0.8750
0.8750
0.8750
0.8750
0.8750
0.8750
0.8750
0.8750
0.8750
0.8750
0.8750
0.8750
0.8750
0.8750
0.8750
0.8747
0.8718
0.8593
0.8310
0.7943
0.7689
0.7689
0.7943
0.8310
0.8593
0.8718
0.8747
0.8750
0.8753
0.8608
0.8751
0.9072
0.9464
0.9678
0.9637
0.9538
0.9500
0.9390
0.9221
0.9126
0.9455
0.9794
0.9958
0.9993
0.9961
0.9839
0.9673
0.9677
1.0000
1.0000
1.0000
1.0000
1.0000
0.9996
0.9953
0.9800
0.9547
0.9405
0.9496
0.9553
0.9295
0.8900
0.8709
0.8693
0.8381
0.8573
0.8922
0.9067
0.8947
0.8861
0.9011
0.9375
0.9744
0.9936
0.9936
0.9750
0.9433
0.9261
0.9433
0.9750
0.9942
0.9989
0.9936
0.9686
0.9125
0.8444
0.8128
0.8444
0.9125
0.9686
0.9936
0.9995
1.0000
1.0000
1.0000
1.0000
1.0000
1.0000
1.0000
1.0000
1.0000
1.0000
1.0000
1.0000
1.0000
1.0000
1.0000
1.0000
1.0000
1.0000
1.0000
1.0000
1.0000
1.0000
1.0000
1.0000
1.0000
1.0000
0.9993
0.9909
0.9256
0.7700
