0.9268
0.9327
0.9431
0.9397
0.9321
0.9161
0.8960
0.8921
0.8960
0.9027
0.9072
0.9356
0.9420
0.9493
0.9584
0.9608
0.9606
0.9663
0.9786
0.9913
0.9981
0.9998
1.0000
0.9999
0.9989
0.9940
0.9817
0.9632
0.9451
0.9328
0.9275
0.9273
0.9267
0.9209
0.9139
0.9110
0.8989
0.8839
0.8657
0.8679
0.8786
0.8822
0.8786
0.8798
0.8892
0.8988
0.9024
0.8999
0.8940
0.8907
0.8940
0.9000
0.9036
0.9036
0.8950
0.8887
0.8852
0.8828
0.8895
0.8935
0.8946
0.8949
0.8960
0.9001
0.9080
0.9169
0.9252
0.9341
0.9420
0.9461
0.9473
0.9474
0.9474
0.9474
0.9474
0.9474
0.9474
0.9474
0.9474
0.9474
0.9474
0.9474
0.9474
0.9475
0.9486
0.9526
0.9593
0.9628
0.9580
0.9461
0.9309
0.9710
0.9710
0.9818
0.9930
0.9972
0.9929
0.9806
0.9654
0.9584
0.9654
0.9806
0.9928
0.9960
0.9885
0.9721
0.9547
0.9430
0.9361
0.9839
0.9939
0.9985
0.9985
0.9940
0.9869
0.9871
1.0000
1.0000
1.0000
1.0000
