0.8571
0.8199
0.7818
0.7481
0.7219
0.7292
0.7597
0.7862
0.7894
0.8015
0.8023
0.8085
0.8108
0.8009
0.8102
0.8081
0.8122
0.8215
0.8331
0.8423
0.8483
0.8450
0.8441
0.8377
0.8438
0.8406
0.8322
0.8158
0.8071
0.8062
0.8085
0.8098
0.8100
0.8073
0.7996
0.7883
0.7771
0.7669
0.7704
0.7774
0.7796
0.7779
0.7779
0.7796
0.7767
0.7669
0.7558
0.7500
0.7502
0.7517
0.7524
0.7547
0.7598
0.7646
0.7675
0.7709
0.7785
0.7902
0.8011
0.8081
0.8146
0.8231
0.8290
0.8273
0.8197
0.8111
0.8053
0.8035
0.8053
0.8111
0.8197
0.8279
0.8318
0.8296
0.8220
0.8091
0.7926
0.7773
0.7676
0.7652
0.7686
0.7751
0.7819
0.7855
0.7848
0.7832
0.7831
0.7836
0.7857
0.7912
0.7982
0.8042
0.8110
0.8204
0.8314
0.8424
0.8511
0.8552
0.8545
0.8529
0.8517
0.8470
0.8368
0.8262
0.8233
0.8310
0.8441
0.8540
0.8564
0.8521
0.8448
0.8372
0.8297
0.8228
0.8198
0.8227
0.8291
0.8343
0.8366
0.8366
0.8348
0.8313
0.8274
0.8238
0.8204
0.8193
0.8227
0.8296
0.8366
0.8419
0.8440
0.8425
0.8395
0.8378
0.8373
0.8372
0.8372
0.8372
0.8373
0.8378
0.8401
0.8449
0.8499
0.8523
0.8529
0.8540
0.8524
0.8446
0.8349
0.8303
0.8283
0.8217
0.8105
0.8005
0.7960
0.7964
0.7959
0.7877
0.7874
0.7799
0.7799
0.7927
0.8138
0.8302
0.8314
0.8197
0.8089
0.8077
0.8127
0.8172
0.8164
0.8243
0.8363
0.8437
0.8406
0.8344
0.8312
0.8338
0.8375
0.8356
0.8275
0.8207
0.8199
0.8219
0.8213
0.8168
0.8120
0.8126
0.8199
0.8295
0.8349
0.8323
0.8251
0.8193
0.8149
0.8108
0.8094
0.8112
0.8145
0.8188
0.8231
0.8276
0.8338
0.8412
0.8469
0.8494
0.8499
0.8500
0.8499
0.8494
0.8469
0.8412
0.8339
0.8287
0.8281
0.8307
0.8323
0.8257
0.8204
0.8140
0.8072
0.7999
0.7938
0.7923
0.7961
0.8033
0.8108
0.8144
0.8133
0.8329
0.8328
0.8301
0.8237
0.8151
0.8045
0.7922
0.7823
0.7716
0.7704
0.7702
0.7696
0.7675
0.7636
0.7601
0.7595
0.7602
0.7587
0.7556
0.7567
0.7641
0.7731
0.7776
0.7763
0.7723
0.7681
0.7636
0.7595
0.7574
0.7575
0.7600
0.7649
0.7675
0.7620
0.7515
0.7460
0.7486
0.7535
0.7561
0.7567
0.7568
0.7573
0.7588
0.7595
0.7553
0.7460
0.7386
0.7379
0.7419
0.7481
0.7567
0.7647
0.7690
0.7700
0.7690
0.7649
0.7581
0.7550
0.7611
0.7723
0.7750
0.7798
0.7833
0.7826
0.7757
0.7695
0.7735
0.7846
0.7882
0.7754
0.7543
0.7397
0.7360
0.7384
0.7423
0.7436
0.7382
0.7250
0.7062
0.6877
0.6780
0.6821
0.6981
0.7187
0.7360
0.7457
0.7492
0.7492
0.7465
0.7402
0.7314
0.7230
0.7174
0.7182
0.7284
0.7430
0.7506
0.7457
0.7341
0.7243
0.7202
0.7239
0.7339
0.7431
0.7466
0.7471
0.7515
0.7609
0.7673
0.7623
0.7451
0.7202
0.7164
0.7053
0.7116
0.7167
0.7251
0.7266
0.7247
0.7170
0.7255
0.7337
0.7108
0.6926
0.6972
0.6992
0.7130
