0.7692
0.8245
0.8628
0.8935
0.9194
0.9420
0.9486
0.9379
0.9177
0.8977
0.8837
0.8778
0.8779
0.8748
0.8741
0.8803
0.9008
0.9299
0.9509
0.9544
0.9477
0.9423
0.9417
0.9478
0.9544
0.9606
0.9693
0.9786
0.9812
0.9765
0.9729
0.9742
0.9757
0.9758
0.9749
0.9690
0.9589
0.9508
0.9500
0.9536
0.9575
0.9602
0.9609
0.9612
0.9638
0.9670
0.9670
0.9638
0.9612
0.9610
0.9610
0.9612
0.9639
0.9676
0.9692
0.9675
0.9632
0.9583
0.9543
0.9523
0.9545
0.9608
0.9661
0.9655
0.9575
0.9454
0.9634
0.9727
0.9859
0.9954
0.9991
0.9999
1.0000
1.0000
1.0000
1.0000
1.0000
1.0000
1.0000
1.0000
1.0000
1.0000
1.0000
1.0000
1.0000
0.9999
0.9992
0.9960
0.9886
0.9791
0.9718
0.9685
0.9671
0.9645
0.9604
0.9581
0.9597
0.9613
0.9597
0.9581
0.9604
0.9645
0.9670
0.9677
0.9677
0.9677
0.9677
0.9677
0.9677
0.9677
0.9677
0.9677
0.9677
0.9677
0.9677
0.9677
0.9677
0.9677
0.9677
0.9671
0.9653
0.9644
0.9693
0.9815
0.9958
0.9950
0.9882
0.9784
0.9708
0.9667
0.9633
0.9582
0.9519
0.9448
0.9376
0.9353
0.9406
0.9494
0.9575
0.9632
0.9659
0.9666
0.9667
0.9667
0.9667
0.9667
0.9667
0.9667
0.9667
0.9666
0.9659
0.9632
0.9575
0.9493
0.9398
0.9319
0.9292
0.9308
0.9326
0.9333
0.9333
0.9333
0.9333
0.9333
0.9325
0.9292
0.9197
0.9122
0.9096
0.9119
0.9166
0.9223
0.9275
0.9302
0.9300
0.9259
0.9154
0.9009
0.8907
0.8896
0.8932
0.8957
0.8965
0.8966
0.8966
0.8965
0.8957
0.8931
0.8888
0.8873
0.8939
0.9096
0.9302
0.9490
0.9602
0.9638
0.9619
0.9569
0.9518
0.9489
0.9477
0.9477
0.9492
0.9435
0.9367
0.9286
0.9204
0.9136
0.9079
0.9019
0.8964
0.8929
0.8894
0.8848
0.8823
0.8848
0.8893
0.8920
0.8928
0.8929
0.8929
0.8929
0.8929
0.8929
0.8929
0.8928
0.8921
0.8902
0.8892
0.8949
0.9079
0.9205
0.9268
0.9284
0.9286
0.9286
0.9286
0.9286
0.9627
0.9570
0.9427
0.9072
0.9017
0.8841
0.8721
0.8637
0.8689
0.8765
0.8812
0.8702
0.8784
0.9100
