0.9207
0.9211
0.9165
0.9107
0.9060
0.8991
0.8919
0.8861
0.8784
0.8749
0.8718
0.8775
0.8858
0.8906
0.8912
0.8893
0.8853
0.8821
0.8796
0.8788
0.8771
0.8800
0.8831
0.8847
0.8819
0.8795
0.8810
0.8816
0.8833
0.8889
0.8955
0.8977
0.8995
0.8956
0.8947
0.8954
0.8969
0.8990
0.9025
0.9023
0.8997
0.9004
0.8987
0.8977
0.8959
0.8955
0.8936
0.8917
0.8921
0.8941
0.8963
0.8968
0.8984
0.8994
0.8983
0.8971
0.8956
0.8928
0.8887
0.8862
0.8825
0.8842
0.8892
0.8892
0.8855
0.8837
0.8808
0.8815
0.8826
0.8874
0.8884
0.8866
0.8842
0.8831
0.8853
0.8840
0.8812
0.8794
0.8788
0.8751
0.8743
0.8805
0.8854
0.8866
0.8846
0.8849
0.8827
0.8789
0.8790
0.8796
0.8813
0.8815
0.8791
0.8780
0.8785
0.8801
0.8789
0.8750
0.8722
0.8716
0.8656
0.8604
0.8585
0.8568
0.8507
0.8464
0.8435
0.8536
0.8505
0.8480
0.8472
0.8505
0.8521
0.8515
0.8516
0.8535
0.8577
0.8612
0.8635
0.8675
0.8688
0.8679
0.8710
0.8723
0.8743
0.8713
0.8640
0.8608
0.8667
0.8634
0.8532
0.8360
0.8252
0.8200
0.8162
0.8088
0.8056
0.8107
0.8089
