1.0000
0.9299
0.9023
0.8967
0.8927
0.8811
0.8596
0.8475
0.8492
0.8437
0.8221
0.8027
0.8041
0.8216
0.8370
0.8438
0.8405
0.8344
0.8338
0.8336
0.8327
0.8336
0.8335
0.8311
0.8265
0.8032
0.7953
0.7957
0.7960
0.7991
0.8206
0.8579
0.8924
0.9129
0.9192
0.9137
0.9003
0.8907
0.8920
0.8976
0.9064
0.9064
0.8883
0.8822
0.8885
0.9000
0.9070
0.9089
0.9091
0.9091
0.9091
0.9091
0.9091
0.9091
0.9091
0.9089
0.9070
0.9000
0.8885
0.8822
0.8883
0.8977
0.8958
0.8792
0.8616
0.8616
0.8792
0.8956
0.8954
0.8771
0.8525
0.8410
0.8525
0.8773
0.8977
0.9068
0.9089
0.9091
0.9000
0.8889
0.8889
0.8889
0.8886
0.8861
0.8752
0.8526
0.9347
0.9347
0.9591
0.9824
0.9964
0.9997
1.0000
1.0000
1.0000
1.0000
0.9997
0.9967
0.9862
0.9720
0.9723
1.0000
1.0000
1.0000
1.0000
1.0000
1.0000
1.0000
0.9996
0.9949
0.9753
0.9346
0.8956
0.8956
0.9346
0.9753
0.9949
0.9996
1.0000
1.0000
1.0000
1.0000
1.0000
1.0000
1.0000
1.0000
1.0000
1.0000
1.0000
1.0000
1.0000
1.0000
1.0000
1.0000
1.0000
1.0000
1.0000
1.0000
1.0000
1.0000
1.0000
1.0000
1.0000
1.0000
1.0000
1.0000
1.0000
1.0000
0.9996
0.9949
0.9749
0.9125
0.8444
0.8128
0.8444
0.9125
0.9686
0.9936
1.0000
