0.7826
0.8157
0.8510
0.8596
0.8633
0.8899
0.9017
0.9464
0.9592
0.9763
0.9912
0.9982
0.9998
1.0000
1.0000
0.9998
0.9982
0.9912
0.9767
0.9627
0.9627
0.9767
0.9910
0.9964
0.9910
0.9765
0.9610
0.9555
0.9605
0.9701
0.9820
0.9927
0.9982
0.9980
0.9912
0.9767
0.9627
0.9627
0.9767
0.9910
0.9965
0.9925
0.9821
0.9717
0.9676
0.9717
0.9821
0.9927
0.9982
0.9980
0.9910
0.9747
0.9521
0.9304
0.9142
0.9078
0.9142
0.9304
0.9519
0.9729
0.9821
0.9732
0.9554
0.9463
0.9539
0.9678
0.9748
0.9769
0.9820
0.9857
0.9821
0.9787
0.9838
0.9929
0.9982
0.9980
0.9910
0.9750
0.9554
0.9447
0.9425
0.9460
0.9405
0.9308
0.9249
0.9232
0.9231
0.9232
0.9249
0.9308
0.9407
0.9451
0.9307
0.9628
0.9270
0.9244
0.9723
