0.9155
0.9306
0.9382
0.9460
0.9524
0.9558
0.9543
0.9497
0.9380
0.9176
0.9075
0.9309
0.9427
0.9445
0.9333
0.9204
0.9148
0.9160
0.9219
0.9281
0.9329
0.9355
0.9538
0.9473
0.9380
0.9331
0.9372
0.9388
0.9326
0.9240
0.9187
0.9121
0.9040
0.8982
0.8990
0.9044
0.9068
0.9024
0.8959
0.8949
0.9042
0.9214
0.9349
0.9400
0.9331
0.9210
0.9184
0.9264
0.9391
0.9541
0.9652
0.9694
0.9670
0.9628
0.9621
0.9625
0.9575
0.9438
0.9307
0.9282
0.9357
0.9449
0.9495
0.9513
0.9486
0.9468
0.9435
0.9405
0.9296
0.9218
0.9135
0.9297
0.9343
0.9366
0.9359
0.9305
0.9195
0.9088
0.9066
0.9087
0.9069
0.9060
0.9066
0.9197
0.9288
0.9149
0.8831
0.8830
