0.9440
0.9320
0.9226
0.9150
0.9099
0.9102
0.9108
0.9089
0.9085
0.9098
0.9115
0.9114
0.9119
0.9134
0.9169
0.9198
0.9209
0.9207
0.9228
0.9274
0.9323
0.9359
0.9356
0.9334
0.9337
0.9358
0.9351
0.9336
0.9327
0.9359
0.9376
0.9424
0.9436
0.9447
0.9474
0.9485
0.9512
0.9532
0.9550
0.9566
0.9573
0.9574
0.9574
0.9573
0.9579
0.9561
0.9553
0.9541
0.9530
0.9535
0.9518
0.9490
0.9470
0.9446
0.9435
0.9427
0.9413
0.9401
0.9383
0.9387
0.9382
0.9392
0.9422
0.9452
0.9457
0.9442
0.9424
0.9406
0.9392
0.9405
0.9417
0.9428
0.9442
0.9455
0.9465
0.9458
0.9448
0.9441
0.9439
0.9434
0.9433
0.9439
0.9453
0.9462
0.9461
0.9454
0.9443
0.9425
0.9445
0.9453
0.9451
0.9454
0.9457
0.9453
0.9445
0.9431
0.9446
0.9450
0.9456
0.9447
0.9426
0.9389
0.9319
0.9261
0.9172
0.9097
0.8944
0.8830
0.8807
0.8643
