0.7143
0.7982
0.8297
0.8312
0.8998
0.9365
0.9556
0.9557
0.9575
0.9654
0.9654
0.9579
0.9595
0.9731
0.9828
0.9806
0.9771
0.9826
0.9917
0.9981
0.9996
0.9979
0.9897
0.9728
0.9565
0.9565
0.9728
0.9897
0.9979
0.9998
1.0000
1.0000
1.0000
1.0000
1.0000
1.0000
1.0000
1.0000
1.0000
1.0000
1.0000
1.0000
1.0000
1.0000
1.0000
1.0000
1.0000
1.0000
1.0000
1.0000
1.0000
1.0000
1.0000
0.9998
0.9977
0.9888
0.9703
0.9525
0.9525
0.9703
0.9888
0.9975
0.9975
0.9886
0.9680
0.9411
0.9205
0.9114
0.9093
0.9091
0.9091
0.9091
0.9091
0.9091
0.9091
0.9091
0.9091
0.9091
0.9091
0.9091
0.9091
0.9091
0.9091
0.9091
0.9091
0.9091
0.9091
0.9091
0.9091
0.9091
0.9091
0.9091
1.0000
1.0000
1.0000
1.0000
1.0000
1.0000
1.0000
1.0000
1.0000
1.0000
1.0000
1.0000
1.0000
1.0000
1.0000
0.9998
0.9970
0.9809
0.9267
0.9533
0.8539
0.6939
0.6353
0.8204
