0.9221
0.9181
0.9155
0.9148
0.9146
0.9144
0.9141
0.9137
0.9137
0.9149
0.9166
0.9177
0.9187
0.9194
0.9199
0.9206
0.9218
0.9239
0.9263
0.9284
0.9303
0.9321
0.9336
0.9346
0.9353
0.9352
0.9343
0.9324
0.9310
0.9305
0.9311
0.9320
0.9320
0.9304
0.9264
0.9198
0.9100
0.8990
0.8887
0.8801
0.8727
0.8669
0.8628
0.8599
0.8582
0.8575
0.8575
0.8570
0.8566
0.8555
0.8550
0.8554
0.8559
0.8579
0.8606
0.8633
0.8661
0.8681
0.8691
0.8692
0.8686
0.8671
0.8657
0.8654
0.8664
0.8682
0.8695
0.8696
0.8693
0.8684
0.8662
0.8632
0.8609
0.8602
0.8601
0.8596
0.8591
0.8593
0.8597
0.8602
0.8607
0.8614
0.8615
0.8597
0.8568
0.8536
0.8519
0.8509
0.8504
0.8506
0.8515
0.8529
0.8541
0.8554
0.8559
0.8560
0.8555
0.8560
0.8563
0.8572
0.8571
0.8568
0.8560
0.8561
0.8567
0.8583
0.8604
0.8621
0.8633
0.8635
0.8626
0.8620
0.8614
0.8612
0.8617
0.8616
0.8611
0.8600
0.8594
0.8587
0.8580
0.8569
0.8563
0.8549
0.8523
0.8505
0.8488
0.8475
0.8457
0.8440
0.8429
0.8422
0.8420
0.8422
0.8422
0.8429
0.8430
0.8432
0.8428
0.8426
0.8424
0.8425
0.8422
0.8420
0.8420
0.8428
0.8427
0.8433
0.8429
0.8424
0.8420
0.8413
0.8407
0.8416
0.8424
0.8436
0.8442
0.8443
0.8450
0.8450
0.8447
0.8439
0.8434
0.8428
0.8422
0.8419
0.8423
0.8428
0.8429
0.8430
0.8432
0.8437
0.8439
0.8410
0.8363
0.8297
