0.9130
0.8487
0.8397
0.8663
0.8941
0.9024
0.8857
0.8515
0.8193
0.8081
0.8208
0.8403
0.8490
0.8441
0.8548
0.8737
0.8809
0.8824
0.8721
0.8689
0.8727
0.8834
0.8926
0.8926
0.8834
0.8727
0.8689
0.8722
0.8778
0.8750
0.8722
0.8660
0.8671
0.8775
0.8882
0.8933
0.8934
0.8894
0.8816
0.8739
0.8709
0.8737
0.8790
0.8778
0.8659
0.8557
0.8543
0.8581
0.8656
0.8748
0.8818
0.8807
0.8705
0.8585
0.8530
0.8526
0.8530
0.8586
0.8719
0.8876
0.9001
0.9052
0.9015
0.8943
0.8889
0.8835
0.8764
0.8739
0.8831
0.9015
0.9166
0.9178
0.9070
0.8957
0.8903
0.8890
0.8889
0.8824
0.8822
0.8810
0.8765
0.8690
0.8650
0.8689
0.8751
0.8750
0.8674
0.8577
0.8498
0.8457
0.8503
0.8630
0.8751
0.8809
0.8747
0.8735
0.8687
0.8608
0.8565
0.8608
0.8687
0.8735
0.8749
0.8749
0.8735
0.8689
0.8624
0.8644
0.8827
0.9075
0.9188
0.9060
0.8763
0.8489
0.8393
0.8484
0.8708
0.8997
0.9231
0.9330
0.9310
0.9233
0.9190
0.9233
0.9311
0.9345
0.9295
0.9155
0.8970
0.8828
0.8766
0.8751
0.8750
0.8750
0.8750
0.8750
0.8750
0.8750
0.8750
0.8750
0.8750
0.8750
0.8750
0.8750
0.8750
0.8750
0.8750
0.8749
0.8735
0.8687
0.8608
0.8565
0.8608
0.8687
0.8735
0.8750
0.8766
0.8828
0.8970
0.9155
0.9297
0.9359
0.9374
0.9375
0.9375
0.9375
0.9375
0.9375
0.9375
0.9374
0.9358
0.9281
0.9076
0.8750
0.8424
0.8219
0.8142
0.8126
0.8125
0.8125
0.8125
0.8125
0.8125
0.8125
0.8125
0.8125
0.8125
0.8125
0.8125
0.8125
0.8125
0.8125
0.8125
0.8125
0.8125
0.8125
0.8126
0.8141
0.8203
0.8345
0.8530
0.8670
0.8717
0.8654
0.8451
0.8126
0.7816
0.7689
0.7816
0.8126
0.8451
0.8656
0.8733
0.8749
0.8749
0.8735
0.8686
0.8594
0.8503
0.8467
0.8501
0.8576
0.8593
0.8451
0.8189
0.7972
0.7935
0.8085
0.8311
0.8466
0.8535
0.8606
0.8687
0.8735
0.8749
0.8750
0.8750
0.8750
0.8750
0.8750
0.8749
0.8735
0.8687
0.8608
0.8565
0.8608
0.8687
0.8735
0.8749
0.8751
0.8766
0.8827
0.8954
0.9076
0.9075
0.8940
0.8765
0.8624
0.8567
0.8608
0.8687
0.8735
0.8749
0.8750
0.8750
0.8749
0.8735
0.8686
0.8591
0.8474
0.8341
0.8219
0.8224
0.8403
0.8610
0.8720
0.8747
0.8750
0.8667
0.8667
0.8667
0.8667
0.8667
0.8667
0.8667
0.8667
0.8667
0.8667
0.8665
0.8651
0.8600
0.8516
0.8470
0.8516
0.8600
0.8651
0.8664
0.8650
0.8583
0.8432
0.8236
0.8101
0.8101
0.8236
0.8432
0.8582
0.8633
0.8582
0.8432
0.8235
0.8082
0.8000
0.7918
0.7767
0.7585
0.7501
0.7585
0.7767
0.7916
0.7983
0.7999
0.8000
0.8000
0.8000
0.8001
0.8017
0.8084
0.8235
0.8430
0.8566
0.8566
0.8430
0.8235
0.8084
0.8017
0.8001
0.8000
0.8000
0.8000
0.8000
0.7999
0.7984
0.7932
0.7833
0.7736
0.7698
0.7736
0.7833
0.7932
0.7984
0.7999
0.8000
0.8000
0.8000
0.8000
0.8000
0.8000
0.7859
0.7875
0.7945
0.8089
0.8214
0.8159
0.7929
0.7734
0.7713
0.7787
0.7839
0.7839
0.7784
0.7677
0.7556
0.7442
0.7310
0.7181
0.7728
0.8001
0.8496
0.8745
0.8566
0.7948
0.7038
0.6076
0.5229
