0.8851
0.8825
0.8766
0.8729
0.8701
0.8736
0.8769
0.8818
0.8834
0.8805
0.8787
0.8801
0.8835
0.8888
0.8916
0.8948
0.8981
0.9015
0.9034
0.9023
0.9047
0.9064
0.9074
0.9078
0.9084
0.9075
0.9079
0.9076
0.9104
0.9134
0.9167
0.9175
0.9148
0.9126
0.9123
0.9125
0.9128
0.9128
0.9141
0.9145
0.9154
0.9133
0.9102
0.9074
0.9063
0.9074
0.9061
0.9049
0.9061
0.9059
0.9050
0.9052
0.9042
0.9030
0.9031
0.9013
0.8975
0.8905
0.8824
0.8791
0.8783
0.8791
0.8827
0.8832
0.8831
0.8852
0.8903
0.8959
0.8977
0.8960
0.8918
0.8901
0.8890
0.8890
0.8902
0.8914
0.8921
0.8935
0.8974
0.8978
0.8981
0.9001
0.9020
0.9067
0.9090
0.9082
0.9048
0.9014
0.8995
0.9015
0.9052
0.9086
0.9105
0.9114
0.9115
0.9102
0.9071
0.9029
0.8977
0.8938
0.8902
0.8865
0.8815
0.8789
0.8733
0.8666
0.8571
0.8528
0.8416
0.8337
0.8284
0.8295
0.8360
0.8301
0.8336
0.8425
0.8425
0.8476
0.8430
0.8352
0.8339
0.8385
