0.7931
0.7633
0.7614
0.7772
0.8007
0.8004
0.7980
0.8144
0.8498
0.8760
0.8777
0.8673
0.8619
0.8578
0.8552
0.8522
0.8576
0.8597
0.8533
0.8424
0.8369
0.8413
0.8480
0.8455
0.8359
0.8338
0.8444
0.8544
0.8520
0.8403
0.8282
0.8217
0.8232
0.8290
0.8306
0.8251
0.8172
0.8143
0.8204
0.8297
0.8302
0.8204
0.8136
0.8158
0.8166
0.8122
0.8115
0.8189
0.8292
0.8369
0.8436
0.8498
0.8499
0.8446
0.8413
0.8400
0.8360
0.8303
0.8259
0.8197
0.7975
0.7774
0.7606
0.7542
0.7583
0.7671
0.7713
0.7696
0.7603
0.7668
0.7655
0.7521
0.7434
0.7533
0.7712
0.7803
0.7768
0.7665
0.7563
0.7439
0.7242
0.7088
0.7001
0.7088
0.7189
0.7252
0.7337
0.7551
0.7916
0.8297
0.8550
0.8701
0.8833
0.8868
0.8855
0.8695
0.8420
0.8134
0.7922
0.7790
0.7740
0.7775
0.7842
0.7883
0.7906
0.7953
0.7988
0.7917
0.7988
0.8139
0.8163
0.8234
0.8294
0.8384
0.8483
0.8576
0.8675
0.8763
0.8810
0.8821
0.8809
0.8748
0.8600
0.8355
0.8043
0.7737
0.7562
0.7588
0.7724
0.7811
0.7781
0.8112
0.8138
0.8068
0.8168
0.8281
0.8386
0.8499
0.8598
0.8651
0.8665
0.8667
0.8667
0.8667
0.8571
0.8571
0.8571
0.8571
0.8571
0.8571
0.8571
0.8462
0.8462
0.8462
0.8462
0.8460
0.8442
0.8365
0.8191
0.7965
0.7808
0.7808
0.7965
0.8191
0.8365
0.8442
0.8460
0.8462
0.8462
0.8333
0.8333
0.8333
0.8333
0.8333
0.8333
0.8333
0.8333
0.8182
0.8182
0.8182
0.8182
0.8182
0.8182
0.8182
0.8182
0.8182
0.8182
0.8182
0.8182
0.8182
0.8182
0.8182
0.8182
0.8182
0.8182
0.8180
0.8161
0.8091
0.7976
0.7913
0.7976
0.8091
0.8161
0.8180
0.8182
0.8182
0.8182
0.8182
0.8182
0.8182
0.8180
0.8161
0.8091
0.7976
0.7913
0.7974
0.8068
0.8047
0.7860
0.7593
0.7389
0.7319
0.7385
0.7549
0.7657
0.7541
0.7301
0.7179
0.7205
0.7256
0.7294
0.7387
0.7593
0.7862
0.8066
0.8138
0.8087
0.7955
0.7822
0.7770
0.7604
0.7748
0.7874
0.7877
0.7771
0.7702
0.7748
0.7774
0.7624
0.7350
0.7126
0.7025
0.7002
0.7000
0.7000
0.7000
0.7000
0.7000
0.7000
0.7000
0.7000
0.7000
0.7000
0.7000
0.7000
0.7000
0.7000
0.7000
0.7000
0.7000
0.7000
0.7000
0.7000
0.7000
0.7000
0.7000
0.7000
0.7000
0.7000
0.7000
0.7000
0.7000
0.7000
0.7000
0.7000
0.7000
0.7000
0.7000
0.7000
0.7002
0.7025
0.7126
0.7352
0.7650
0.7900
0.8100
0.8350
0.8641
0.8799
0.8451
0.7794
0.7548
0.7467
0.7801
0.7710
0.7000
0.6366
0.6023
0.6366
0.7000
0.7422
