0.9375
0.9120
0.9020
0.9028
0.9097
0.9146
0.9096
0.9050
0.8916
0.8841
0.8863
0.8927
0.8885
0.8783
0.8678
0.8612
0.8603
0.8657
0.8738
0.8825
0.8860
0.8827
0.8743
0.8650
0.8589
0.8607
0.8582
0.8542
0.8503
0.8462
0.8402
0.8387
0.8394
0.8394
0.8305
0.8199
0.8058
0.7879
0.7818
0.7781
0.7776
0.7989
0.8008
0.8117
0.8238
0.8327
0.8363
0.8313
0.8232
0.8219
0.8277
0.8360
0.8413
0.8433
0.8394
0.8352
0.8296
0.8243
0.8211
0.8254
0.8371
0.8483
0.8561
0.8600
0.8613
0.8599
0.8552
0.8501
0.8419
0.8429
0.8462
0.8579
0.8535
0.8482
0.8439
0.8403
0.8356
0.8290
0.8232
0.8216
0.8246
0.8284
0.8298
0.8298
0.8276
0.8215
0.8146
0.8134
0.8194
0.8266
0.8355
0.8403
0.8419
0.8423
0.8422
0.8409
0.8370
0.8380
0.8358
0.8341
0.8273
0.8245
0.8237
0.8234
0.8218
0.8162
0.8165
0.8160
0.8164
0.8190
0.8201
0.8215
0.8210
0.8223
0.8204
0.8179
0.8120
0.8115
0.8113
0.8099
0.8091
0.8109
0.8108
0.8032
0.7869
0.7812
0.7855
0.7962
0.8079
0.8163
0.8205
0.8394
0.8372
0.8310
0.8279
0.8262
0.8273
0.8274
0.8218
0.8286
0.8263
0.8167
0.8108
0.8069
0.8049
0.8045
0.8061
0.8064
0.8017
0.7951
0.7933
0.7973
0.8040
0.8118
0.8174
0.8182
0.8174
0.8188
0.8199
0.8182
0.8150
0.8131
0.8125
0.8119
0.8101
0.8074
0.8077
0.8131
0.8199
0.8193
0.8204
0.8205
0.8205
0.8199
0.8179
0.8141
0.8104
0.7992
0.8035
0.8136
0.8256
0.8338
0.8371
0.8378
0.8377
0.8365
0.8264
0.8138
0.7978
0.8072
0.8109
0.8184
0.8184
0.8104
0.7975
0.8078
0.8048
0.7981
0.7823
0.7750
0.7719
0.7648
0.7709
0.7759
0.7917
0.8075
0.8207
0.8291
0.8325
0.8332
0.8325
0.8291
0.8216
0.8117
0.8034
0.7975
0.7925
0.7902
0.7852
0.7888
0.7879
0.7801
0.7672
0.7812
0.7717
0.7659
0.7627
0.7540
0.7583
0.7660
0.7683
0.7691
0.7692
0.7692
0.7692
0.7692
0.7692
0.7692
0.7692
0.7691
0.7683
0.7654
0.7604
0.7570
0.7566
0.7556
0.7512
0.7427
0.7560
0.7591
0.7599
0.7600
0.7600
0.7600
0.7599
0.7591
0.7560
0.7509
0.7482
0.7509
0.7560
0.7489
0.7488
0.7448
0.7352
0.7221
0.7105
0.7052
0.7108
0.7259
0.7405
0.7469
0.7770
0.7673
0.7433
0.7330
0.7284
0.7274
0.7272
0.7261
0.7216
0.7113
0.6979
0.6887
0.6886
0.6969
0.7067
0.7113
0.7466
0.7511
0.7584
0.7667
0.7782
0.7827
