0.8571
0.9292
0.9768
0.9917
0.9786
0.9328
0.8710
0.8031
0.7750
0.7757
0.8118
0.8771
0.9297
0.9574
0.9575
0.9542
0.9581
0.9650
0.9671
0.9681
0.9743
0.9863
0.9863
0.9746
0.9669
0.9722
0.9778
0.9722
0.9669
0.9748
0.9889
0.9972
0.9972
0.9889
0.9746
0.9646
0.9634
0.9611
0.9535
0.9491
0.9535
0.9611
0.9634
0.9646
0.9746
0.9886
0.9946
0.9858
0.9611
0.9306
0.9142
0.9197
0.9359
0.9532
0.9717
0.9858
0.9835
0.9609
0.9309
0.9165
0.9280
0.9474
0.9495
0.9366
0.9304
0.9354
0.9367
0.9191
0.8804
0.8425
0.8363
0.8665
0.9117
0.9469
0.9606
0.9641
0.9720
0.9778
0.9720
0.9643
0.9634
0.9611
0.9532
0.9465
0.9419
0.9305
0.9055
0.8748
0.8563
0.8554
0.8637
0.8789
0.8991
0.9167
0.9340
0.9521
0.9609
0.9615
0.9606
0.9500
0.9280
0.9137
0.9167
0.9191
0.9001
0.8438
0.8001
0.7814
0.7943
0.8185
0.8275
0.8163
0.7898
0.7532
0.7258
0.7248
0.7407
0.7596
0.7781
0.7872
0.7818
0.7814
0.8124
0.8724
0.9275
0.9499
0.9471
0.9430
0.9506
0.9682
0.9814
0.9718
0.9396
0.9075
0.8865
0.8625
0.8332
0.7781
0.7543
0.7468
0.7679
0.8071
0.8392
0.8535
0.8565
0.8538
0.8428
0.8244
0.8116
0.8105
0.8108
0.8152
0.8421
0.8898
0.9321
0.9494
0.9545
0.9690
0.9882
1.0000
1.0000
1.0000
1.0000
1.0000
1.0000
0.9993
0.9919
0.9624
0.9035
0.8428
0.8165
0.8205
0.8259
0.8163
0.7955
0.7841
0.7955
0.8167
0.8295
0.8330
0.8337
0.8372
0.8504
0.8750
0.8996
0.9132
0.9202
0.9337
0.9583
0.9830
0.9961
0.9996
1.0000
1.0000
1.0000
1.0000
1.0000
1.0000
1.0000
1.0000
1.0000
1.0000
0.9996
0.9961
0.9833
0.9622
0.9508
0.9622
0.9833
0.9958
0.9958
0.9833
0.9622
0.9508
0.9622
0.9833
0.9961
0.9996
1.0000
1.0000
1.0000
1.0000
1.0000
1.0000
1.0000
1.0000
0.9996
0.9958
0.9791
0.9413
0.8920
0.8543
0.8376
0.8337
0.8333
0.8333
0.8333
0.8330
0.8287
0.8088
0.7592
0.6869
0.7460
0.7798
0.8504
0.9249
0.9745
0.9949
0.9996
1.0000
1.0000
1.0000
1.0000
1.0000
0.9996
0.9949
0.9749
0.9295
0.8705
0.8251
0.8051
0.8004
0.8000
0.8000
0.8000
0.8000
0.8000
0.8000
0.8000
0.8000
0.8000
0.8000
0.8000
0.8000
0.8000
0.8000
0.8000
0.8000
0.8000
0.8004
0.8051
0.8251
0.8705
0.9295
0.9745
0.9898
0.9745
0.9295
0.8705
0.8251
0.8051
0.8004
0.8000
0.8000
0.8000
0.8000
0.8000
0.8000
0.8000
0.8000
0.8000
0.8004
0.8051
0.8251
0.8705
0.9291
0.9698
0.9702
0.9342
0.8956
0.8956
0.9346
0.9753
0.9949
1.0000
1.0000
1.0000
1.0000
1.0000
1.0000
1.0000
1.0000
1.0000
1.0000
1.0000
1.0000
1.0000
1.0000
1.0000
1.0000
1.0000
1.0000
1.0000
1.0000
1.0000
1.0000
1.0000
1.0000
0.9993
0.9922
0.9659
0.9167
0.8681
0.8488
0.8681
0.9167
0.9659
0.9922
0.9993
1.0000
1.0000
1.0000
1.0000
1.0000
0.9993
0.9922
0.9678
0.9019
0.9030
1.0000
1.0000
1.0000
1.0000
1.0000
