0.8542
0.8429
0.8275
0.8158
0.8199
0.8413
0.8666
0.8819
0.8845
0.8753
0.8554
0.8367
0.8318
0.8356
0.8562
0.8709
0.8847
0.8940
0.8988
0.9028
0.9083
0.9144
0.9196
0.9227
0.9220
0.9174
0.9145
0.9214
0.9382
0.9548
0.9641
0.9659
0.9610
0.9487
0.9346
0.9231
0.9362
0.9385
0.9401
0.9382
0.9326
0.9291
0.9316
0.9308
0.9357
0.9459
0.9546
0.9577
0.9524
0.9410
0.9305
0.9262
0.9267
0.9275
0.9256
0.9208
0.9162
0.9173
0.9266
0.9406
0.9498
0.9451
0.9293
0.9166
0.9144
0.9160
0.9182
0.9189
0.9207
0.9219
0.9207
0.9196
0.9213
0.9244
0.9262
0.9262
0.9243
0.9206
0.9160
0.9103
0.9030
0.8972
0.8957
0.8976
0.9038
0.9151
0.9269
0.9334
0.9341
0.9323
0.9285
0.9228
0.9182
0.9177
0.9202
0.9213
0.9178
0.9121
0.9098
0.9111
0.9084
0.8984
0.8896
0.8909
0.9001
0.9090
0.9124
0.9102
0.9060
0.9056
0.9073
0.9074
0.8982
0.8843
0.8725
0.8652
0.8613
0.8601
0.8645
0.8756
0.8882
0.8968
0.9019
0.9062
0.9097
0.9095
0.8986
0.8800
0.8593
0.8432
0.8397
0.8371
0.8341
0.8391
0.8558
0.8735
0.8796
0.8736
0.8631
0.8554
0.8553
0.8625
0.8711
0.8749
0.8717
0.8651
0.8613
0.8626
0.8664
0.8704
0.8743
0.8755
0.8711
0.8580
0.8479
0.8407
0.8359
0.8324
0.8327
0.8392
0.8500
0.8630
0.8781
0.8906
0.8932
0.8856
0.8780
0.8776
0.8804
0.8826
0.8825
0.8861
0.8882
0.8889
0.8895
0.8916
0.8945
0.8943
0.8883
0.8813
0.8790
0.8808
0.8811
0.8779
0.8772
0.8839
0.8953
0.9062
0.9106
0.9128
0.9099
0.9006
0.8858
0.8715
0.8650
0.8680
0.8757
0.8821
0.8850
0.8857
0.8864
0.8886
0.8929
0.8977
0.9015
0.9035
0.9013
0.8951
0.8895
0.8879
0.9148
0.9138
0.9104
0.9110
0.9162
0.9198
0.9184
0.9157
0.9129
0.9160
0.9180
0.9160
0.9121
0.9097
0.9084
0.9054
0.8991
0.8926
0.8910
0.8960
0.9055
0.9135
0.9109
0.9228
0.9185
0.9108
0.9274
0.9322
0.9347
0.9346
0.9314
0.9242
0.9154
0.9113
0.9153
0.9234
0.9282
0.9273
0.9251
0.9249
0.9241
0.9212
0.9175
0.9147
0.9155
0.9216
0.9333
0.9482
0.9596
0.9621
0.9562
0.9468
0.9395
0.9355
0.9315
0.9242
0.9153
0.9105
0.9114
0.9136
0.9147
0.9182
0.9254
0.9292
0.9292
0.9255
0.9210
0.9141
0.8989
0.8791
0.8665
0.8940
0.8958
0.8965
0.8966
0.8974
0.9009
0.9086
0.9179
0.9217
0.9154
0.9056
0.9022
0.9175
0.9222
0.9251
0.9240
0.9279
0.9366
0.9479
0.9556
0.9548
0.9432
0.9250
0.9126
0.9175
0.9355
0.9520
0.9596
0.9615
0.9623
0.9645
0.9664
0.9642
0.9589
0.9566
0.9574
0.9539
0.9383
0.9105
0.8780
0.8621
0.8530
0.8330
0.8022
0.7598
0.7412
0.7419
0.7385
