1.0000
0.9670
0.9471
0.9474
0.9650
0.9774
0.9722
0.9577
0.9421
0.9252
0.9100
0.8998
0.8752
0.8497
0.8169
0.7917
0.7806
0.7780
0.7778
0.7778
0.7778
0.7778
0.7778
0.7778
0.7780
0.7806
0.7915
0.8143
0.8386
0.8497
0.8532
0.8635
0.8778
0.8863
0.8886
0.8889
0.8889
0.8889
0.8889
0.8889
0.8889
0.8889
0.8889
0.8889
0.8889
0.8889
0.8889
0.8889
0.8886
0.8863
0.8778
0.8637
0.8561
0.8637
0.8778
0.8863
0.8886
0.8889
0.8889
0.8889
0.8889
0.8750
0.8747
0.8721
0.8625
0.8464
0.8349
0.8312
0.8216
0.8068
0.8094
0.8341
0.8596
0.8718
0.8747
0.8750
0.8747
0.8721
0.8625
0.8248
0.8146
0.8211
0.8257
0.8115
0.7967
0.7841
0.7955
0.8167
0.8295
0.8330
0.8333
0.8333
0.8333
0.8333
0.8333
0.8333
0.8333
0.8333
0.8333
0.8333
0.8333
0.8333
0.8333
0.8333
0.8333
0.8333
0.8333
0.8330
0.8295
0.8167
0.7955
0.7841
0.7952
0.8124
0.8085
0.7743
0.7254
0.6876
0.6709
0.6670
0.6663
0.6628
0.7795
0.7496
0.7162
0.6893
0.6755
0.6909
0.7342
0.7753
0.7949
0.7996
0.8000
0.8000
0.8000
0.8000
0.8000
0.8000
0.8000
0.8000
0.8000
0.8000
0.8000
0.8000
0.8000
0.8000
0.8000
0.8000
0.8000
0.8000
0.8000
0.8000
0.8000
0.8000
0.8000
0.8000
0.7996
0.9942
0.9750
0.9433
0.9261
0.9433
0.9750
0.9942
0.9995
1.0000
1.0000
1.0000
0.9995
0.9942
0.9750
0.9433
0.9261
0.9433
0.9750
0.9922
0.9993
1.0000
1.0000
1.0000
1.0000
1.0000
1.0000
1.0000
1.0000
1.0000
1.0000
1.0000
1.0000
1.0000
1.0000
1.0000
1.0000
1.0000
1.0000
1.0000
1.0000
1.0000
1.0000
1.0000
1.0000
1.0000
1.0000
1.0000
1.0000
1.0000
0.9993
0.9922
0.9659
0.9167
0.8681
0.8481
0.8604
0.8833
0.8903
0.8930
0.9159
0.9333
0.9167
0.9008
0.9244
0.9666
0.9922
0.9985
0.9922
0.9666
0.9244
0.9015
0.9244
0.9666
0.9915
0.9915
0.9666
0.9244
0.9015
0.9244
0.9666
0.9922
0.9993
1.0000
1.0000
1.0000
1.0000
1.0000
0.9993
0.9915
0.9582
0.8826
0.7841
0.7085
0.6751
0.6674
0.6667
0.6667
0.6667
0.6667
0.6667
0.6667
0.6667
0.6667
0.6667
0.6667
0.6667
0.6667
0.6667
0.6667
0.6667
0.6667
0.6667
0.6667
0.6667
0.6667
0.6667
0.6667
0.6667
0.6667
0.6667
0.6667
0.6667
0.6667
0.6667
0.6667
0.5000
0.5000
0.5000
0.5000
0.5000
0.5000
0.5000
0.5000
0.5000
0.5000
0.0000
