1.0000
0.9476
0.9252
0.9235
0.9254
0.9213
0.9122
0.9058
0.9051
0.9036
0.8987
0.8960
0.9003
0.9107
0.9152
0.9213
0.9227
0.9147
0.9083
0.8980
0.8942
0.9082
0.9377
0.9687
0.9892
0.9958
0.9894
0.9706
0.9460
0.9273
0.9207
0.9254
0.9377
0.9516
0.9626
0.9666
0.9538
0.9254
0.9044
0.9104
0.9379
0.9687
0.9894
0.9979
0.9998
1.0000
0.9998
0.9981
0.9917
0.9811
0.9752
0.9790
0.9812
0.9687
0.9458
0.9271
0.9188
0.9167
0.9144
0.9045
0.8811
0.8543
0.8485
0.8704
0.8961
0.9043
0.8972
0.8901
0.8896
0.8912
0.8965
0.9081
0.9141
0.9090
0.9057
0.9081
0.9045
0.8875
0.8669
0.8647
0.8942
0.9415
0.9791
0.9956
0.9977
0.9917
0.9794
0.9731
0.9794
0.9909
0.9979
0.9998
1.0000
1.0000
0.9998
0.9979
0.9907
0.9771
0.9617
0.9474
0.9320
0.9186
0.9135
0.9207
0.9411
0.9678
0.9863
0.9863
0.9678
0.9411
0.9205
0.9114
0.9093
0.9091
0.9091
0.9091
0.9091
0.9091
0.9091
0.9091
0.9091
0.9091
0.9091
0.9091
0.9091
0.9091
0.9091
0.9091
0.9091
0.9091
0.9089
0.9070
0.8998
0.8862
0.8710
0.8586
0.8502
0.8481
0.8474
0.8413
0.8387
0.8523
0.8773
0.8977
0.9068
0.9089
0.9091
0.9091
0.9091
0.9091
0.9091
0.9091
0.9091
0.9091
0.9091
0.9091
0.9091
0.9091
0.9091
0.9091
0.9091
0.9091
0.9091
0.9093
0.9114
0.9205
0.9411
0.9680
0.9886
0.9977
0.9998
1.0000
1.0000
1.0000
1.0000
1.0000
1.0000
1.0000
1.0000
1.0000
1.0000
1.0000
1.0000
1.0000
0.9998
0.9972
0.9861
0.9609
0.9283
0.9057
0.9057
0.9283
0.9609
0.9861
0.9972
0.9998
0.9998
0.9972
0.9861
0.9609
0.9280
0.9026
0.8889
0.8752
0.8497
0.8169
0.7917
0.7808
0.7808
0.7917
0.8169
0.8497
0.8749
0.8863
0.8915
0.9028
0.9278
0.9583
0.9747
0.9692
0.9530
0.9357
0.9169
0.9003
0.8917
0.8920
0.9028
0.9280
0.9606
0.9835
0.9861
0.9746
0.9672
0.9748
0.9889
0.9974
0.9998
1.0000
1.0000
1.0000
1.0000
1.0000
1.0000
1.0000
1.0000
1.0000
1.0000
1.0000
1.0000
1.0000
1.0000
1.0000
1.0000
1.0000
1.0000
1.0000
1.0000
1.0000
1.0000
1.0000
1.0000
1.0000
1.0000
1.0000
1.0000
1.0000
1.0000
1.0000
1.0000
1.0000
1.0000
1.0000
1.0000
1.0000
1.0000
1.0000
1.0000
1.0000
1.0000
1.0000
1.0000
1.0000
1.0000
1.0000
1.0000
1.0000
1.0000
1.0000
1.0000
1.0000
1.0000
1.0000
1.0000
1.0000
1.0000
1.0000
1.0000
1.0000
1.0000
1.0000
1.0000
1.0000
1.0000
1.0000
1.0000
1.0000
1.0000
1.0000
1.0000
1.0000
1.0000
1.0000
1.0000
1.0000
1.0000
1.0000
1.0000
1.0000
1.0000
1.0000
1.0000
1.0000
1.0000
1.0000
1.0000
1.0000
1.0000
1.0000
1.0000
1.0000
1.0000
1.0000
1.0000
1.0000
1.0000
1.0000
1.0000
1.0000
1.0000
1.0000
1.0000
1.0000
1.0000
1.0000
1.0000
1.0000
1.0000
1.0000
1.0000
1.0000
1.0000
1.0000
1.0000
1.0000
1.0000
1.0000
1.0000
0.9997
0.9968
0.9846
0.9591
0.9347
0.9347
0.9591
0.9846
0.9968
0.9997
1.0000
1.0000
1.0000
1.0000
1.0000
1.0000
1.0000
1.0000
1.0000
1.0000
1.0000
1.0000
1.0000
1.0000
1.0000
1.0000
1.0000
1.0000
0.9996
0.9953
0.9800
0.9547
0.9409
0.9542
0.9753
0.9753
0.9542
0.9409
0.9547
0.9800
0.9953
0.9996
1.0000
1.0000
1.0000
1.0000
1.0000
1.0000
1.0000
