0.7895
0.8346
0.8838
0.8780
0.8535
0.8398
0.8432
0.8423
0.8232
0.8055
0.8175
0.8423
0.8540
0.8592
0.8724
0.8897
0.9001
0.8978
0.8895
0.8895
0.8979
0.9019
0.8983
0.8942
0.8914
0.8856
0.8752
0.8663
0.8678
0.8825
0.9034
0.9196
0.9266
0.9266
0.9196
0.9036
0.8841
0.8751
0.8841
0.9036
0.9196
0.9268
0.9284
0.9286
0.9286
0.9286
0.9286
0.9286
0.9286
0.9286
0.9286
0.9286
0.9286
0.9286
0.9286
0.9286
0.9286
0.9286
0.9286
0.9284
0.9266
0.9179
0.8964
0.8678
0.8521
0.8590
0.8713
0.8717
0.8641
0.8588
0.8573
0.8571
0.8571
0.8570
0.8553
0.8483
0.8338
0.8197
0.8179
0.8233
0.8177
0.8002
0.7914
0.8013
0.8183
0.8285
0.8245
0.8091
0.7929
0.7804
0.7698
0.7664
0.7785
0.8037
0.8303
0.8480
0.8553
0.8570
0.8571
0.8571
0.8571
0.8571
0.8571
0.8571
0.8573
0.8590
0.8660
0.8806
0.8963
0.9034
0.9056
0.9122
0.9214
0.9269
0.9283
0.9269
0.9214
0.9124
0.9075
0.9124
0.9214
0.9269
0.9284
0.9286
0.9286
0.9286
0.9286
0.9286
0.9286
0.9286
0.9286
0.9286
0.9284
0.9268
0.9196
0.9034
0.8823
0.8661
0.8590
0.8573
0.8570
0.8555
0.8500
0.8409
0.8360
0.8409
0.8500
0.8553
0.8553
0.8500
0.8409
0.8359
0.8393
0.8428
0.8391
0.8342
0.8338
0.8338
0.8344
0.8408
0.8500
0.8555
0.8570
0.8570
0.8555
0.8498
0.8391
0.8271
0.8158
0.7886
0.7771
0.7710
0.7694
0.7692
0.7692
0.7692
0.7692
0.7692
0.7694
0.7712
0.7789
0.7963
0.8191
0.8365
0.8442
0.8460
0.8462
0.8462
0.8462
0.8462
0.8462
0.8462
0.8462
0.8462
0.8462
0.8462
0.8462
0.8462
0.8462
0.8462
0.8462
0.8462
0.8462
0.8462
0.8462
0.8462
0.8462
0.8462
0.8462
0.8462
0.8462
0.8462
0.8462
0.8462
0.8462
0.8462
0.8462
0.8462
0.8462
0.8462
0.8462
0.8462
0.8462
0.8462
0.8462
0.8462
0.8462
0.8462
0.8462
0.8462
0.8462
0.8462
0.8462
0.8462
0.8462
0.8462
0.8462
0.8462
0.8462
0.8462
0.8462
0.8462
0.8462
0.8462
0.8462
0.8462
0.8462
0.8462
0.8462
0.8462
0.8462
0.8462
0.8462
0.8462
0.8462
0.8462
0.8462
0.8462
0.8462
0.8462
0.8462
0.8462
0.8462
0.8462
0.8460
0.8442
0.8365
0.8192
0.7983
0.7885
0.7983
0.8192
0.8365
0.8442
0.8460
0.8462
0.8462
0.8462
0.8462
0.8462
0.8462
0.8462
0.8462
0.8462
0.8460
0.8442
0.8365
0.8192
0.7983
0.7885
0.7983
0.8192
0.8365
0.8442
0.8460
0.8462
0.8462
0.8462
0.8462
0.8462
0.8462
0.8462
0.8462
0.8462
0.8462
0.8462
0.8462
0.8462
0.8462
0.8462
0.8462
0.8462
0.8462
0.8462
0.8462
0.8462
0.8462
0.8462
0.8462
0.8460
0.8444
0.8385
0.8287
0.8234
0.8287
0.8385
0.8444
0.8460
0.8462
0.8462
0.8462
0.8462
0.8460
0.8442
0.8365
0.8189
0.7941
0.7657
0.7281
0.7310
0.7236
0.7281
0.7162
0.6959
0.5940
