0.8817
0.8732
0.8643
0.8483
0.8376
0.8440
0.8581
0.8686
0.8758
0.8778
0.8758
0.8695
0.8594
0.8524
0.8524
0.8543
0.8534
0.8471
0.8390
0.8331
0.8339
0.8432
0.8504
0.8557
0.8597
0.8614
0.8602
0.8587
0.8616
0.8660
0.8703
0.8757
0.8787
0.8758
0.8703
0.8676
0.8676
0.8668
0.8663
0.8676
0.8670
0.8636
0.8582
0.8633
0.8604
0.8591
0.8599
0.8617
0.8637
0.8657
0.8653
0.8655
0.8651
0.8655
0.8670
0.8675
0.8651
0.8609
0.8563
0.8505
0.8421
0.8337
0.8308
0.8355
0.8425
0.8480
0.8546
0.8632
0.8680
0.8774
0.8769
0.8777
0.8786
0.8854
0.8832
0.8801
0.8773
0.8740
0.8695
0.8652
0.8654
0.8689
0.8704
0.8700
0.8674
0.8637
0.8605
0.8590
0.8602
0.8630
0.8647
0.8645
0.8683
0.8685
0.8655
0.8575
0.8464
0.8363
0.8267
0.8191
0.8177
0.8140
0.8065
0.8038
0.7855
0.7808
0.7914
0.7974
0.8056
0.8060
0.8036
0.8059
