0.9375
0.8905
0.8336
0.7712
0.7146
0.6795
0.6810
0.7171
0.7637
0.8023
0.8306
0.8463
0.8506
0.8479
0.8386
0.8256
0.8085
0.8232
0.8050
0.7698
0.7551
0.7354
0.7062
0.6759
0.6503
0.6313
0.6189
0.6191
0.6447
0.6943
0.7523
0.8027
0.8283
0.8197
0.7890
0.7663
0.7752
0.8070
0.8306
0.8302
0.8195
0.8198
0.8338
0.8483
0.8553
0.8568
0.8553
0.8480
0.8303
0.8037
0.7786
0.7682
0.7785
0.8021
0.8230
0.8300
0.8253
0.8156
0.7888
0.7787
0.7769
0.7793
0.7765
0.7734
0.7846
0.8037
0.8097
0.8039
0.8058
0.8210
0.8231
0.8312
0.8332
0.8333
0.8333
0.8333
0.8333
0.8335
0.8356
0.8457
0.8717
0.9091
0.9089
0.9068
0.8977
0.8773
0.8525
0.8410
0.8525
0.8773
0.8977
0.9068
0.9089
0.9091
0.9089
0.9068
0.8979
0.8794
0.8616
0.8616
0.8794
0.8979
0.9068
0.9089
0.8998
0.8977
0.8898
0.8748
0.8579
0.8419
0.8241
0.8083
0.8889
0.8886
0.8861
0.8752
0.8526
0.8309
0.8309
0.8526
0.8752
0.8861
0.8886
0.8889
0.8889
0.8889
0.8886
0.8861
0.8749
0.8497
0.8172
0.7946
0.7941
0.8116
0.8206
0.8862
0.9080
0.8348
0.8490
0.9214
0.9381
