0.8158
0.8152
0.8380
0.8554
0.8694
0.8670
0.8529
0.8433
0.8356
0.8419
0.8451
0.8541
0.8634
0.8779
0.8992
0.9153
0.9071
0.8805
0.8442
0.8192
0.8283
0.8374
0.8525
0.8643
0.8582
0.8437
0.8241
0.8117
0.8154
0.8293
0.8393
0.8412
0.8408
0.8431
0.8491
0.8579
0.8680
0.8757
0.8758
0.8688
0.8616
0.8589
0.8607
0.8593
0.8583
0.8490
0.8399
0.8419
0.8517
0.8602
0.8658
0.8674
0.8922
0.8771
0.8694
0.8740
0.8847
0.8921
0.9018
0.9059
0.9072
0.9071
0.9125
0.9157
0.9165
0.9109
0.9031
0.8868
0.8664
0.8477
0.8282
0.8031
0.7743
0.7444
0.7185
0.7071
0.7118
0.7207
0.7286
0.7400
0.7531
0.7633
0.7715
0.7781
0.7805
0.7771
0.7674
0.7555
0.7488
0.7490
0.7466
0.7339
0.7176
0.7141
0.7329
0.7673
0.7988
0.8131
0.8105
0.8022
0.7978
0.7955
0.7871
0.7716
0.7554
0.7438
0.7368
0.7329
0.7338
0.7412
0.7449
0.7349
0.7239
0.7141
0.7131
0.7245
0.7447
0.7549
0.7571
0.7570
0.7646
0.7820
0.7989
0.8084
0.8153
0.8263
0.8403
0.8500
0.8500
0.8403
0.8263
0.8155
0.8108
0.8108
0.8155
0.8263
0.8823
0.8926
0.8937
0.8884
0.8840
0.8824
0.8774
0.8666
0.8574
0.8575
0.8677
0.8824
0.8937
0.8987
0.8999
0.9000
0.9000
0.9000
0.9000
0.9000
0.8999
0.8988
0.8950
0.8887
0.8852
0.8886
0.8937
0.8927
0.8826
0.8673
0.8947
0.8947
0.8947
0.8947
0.8947
0.8947
0.8946
0.8935
0.8895
0.8828
0.8791
0.8815
0.8829
0.8750
0.8605
0.8487
0.8433
0.8409
0.8356
0.8249
0.8146
0.8146
0.8249
0.8356
0.8408
0.8420
0.8421
0.8421
0.8421
0.8421
0.8421
0.8421
0.8421
0.8421
0.8421
0.8420
0.8409
0.8368
0.8302
0.8266
0.8301
0.8356
0.8357
0.8313
0.8319
0.8434
0.8589
0.8701
0.8761
0.8774
0.8778
0.8815
0.8841
0.8802
0.8725
0.8643
0.8553
0.8461
0.8367
0.8237
0.8080
0.7961
0.7908
0.7896
0.7896
0.7908
0.7961
0.8080
0.8235
0.8342
0.8342
0.8235
0.8080
0.7961
0.7908
0.7896
0.7895
0.7895
0.7895
0.7895
0.7895
0.7895
0.7896
0.7907
0.7947
0.8015
0.8064
0.8080
0.8133
0.8248
0.8356
0.8409
0.8433
0.8486
0.8594
0.8709
0.8760
0.8753
0.8707
0.8574
0.8347
0.8064
0.7750
0.7519
0.7513
0.7671
0.7818
0.7881
0.7906
0.7947
0.8014
0.8050
0.8013
0.7935
0.7854
0.7778
0.7751
0.7828
0.7961
0.8038
0.8014
0.7961
0.7973
0.8081
0.8236
0.8355
0.8408
0.8420
0.8421
0.8421
0.8421
0.8421
0.8420
0.8409
0.8368
0.8302
0.8266
0.8302
0.8368
0.8409
0.8419
0.8409
0.8368
0.8302
0.8266
0.8302
0.8368
0.8409
0.8420
0.8420
0.8408
0.8355
0.8236
0.8080
0.7961
0.7908
0.7896
0.7894
0.7881
0.7830
0.7723
0.7619
0.8029
0.8083
0.8084
0.8043
0.8112
0.8346
0.8611
0.8735
0.8678
0.8528
0.8404
0.8360
0.8390
0.8457
0.8469
0.8322
0.8025
0.7753
0.7699
0.7844
0.8032
0.8179
0.8275
0.8320
0.8332
0.8333
0.8332
0.8320
0.8278
0.8206
0.8156
0.8151
0.8138
0.8088
0.8025
0.7989
0.8043
0.8205
0.8388
0.8500
0.8501
0.8456
0.8483
0.8411
0.8387
0.8345
0.8236
0.8296
0.8385
0.8463
0.8172
0.7829
0.7106
0.6779
0.6203
0.6264
0.6236
