0.9292
0.9243
0.9194
0.9074
0.8952
0.8874
0.8850
0.8811
0.8754
0.8770
0.8832
0.8908
0.8973
0.9002
0.9034
0.9049
0.9068
0.9082
0.9085
0.9078
0.9053
0.9011
0.9003
0.8970
0.9003
0.9010
0.9012
0.9015
0.9047
0.9101
0.9147
0.9174
0.9185
0.9181
0.9172
0.9167
0.9172
0.9176
0.9164
0.9140
0.9100
0.9065
0.9048
0.9053
0.9075
0.9111
0.9145
0.9166
0.9174
0.9174
0.9172
0.9171
0.9183
0.9210
0.9235
0.9245
0.9237
0.9212
0.9195
0.9190
0.9186
0.9191
0.9207
0.9220
0.9224
0.9219
0.9213
0.9253
0.9239
0.9199
0.9195
0.9182
0.9222
0.9227
0.9223
0.9200
0.9213
0.9211
0.9209
0.9198
0.9184
0.9157
0.9142
0.9138
0.9133
0.9120
0.9090
0.9072
0.9070
0.9046
0.9040
0.9088
0.9150
0.9164
0.9122
0.9070
0.9038
0.8994
0.8956
0.8926
0.8908
0.8909
0.8942
0.8981
0.9019
0.9032
0.9060
0.9144
0.9160
0.9114
0.8987
0.8903
0.8872
0.8817
0.8773
0.8710
0.8679
0.8687
0.8687
0.8657
0.8571
0.8492
0.8440
0.8445
0.8486
0.8465
0.8431
0.8390
0.8408
0.8475
0.8419
0.8386
0.8427
0.8446
0.8373
0.8285
0.8238
0.8260
0.8297
0.8333
0.8332
0.8280
0.8191
0.8137
0.8075
0.8082
0.8025
0.7975
0.7977
0.8053
0.8031
0.7991
0.7960
0.7943
0.7906
0.7863
0.7799
0.7745
0.7709
0.7711
0.7748
0.7774
0.7766
0.7770
0.7777
0.7771
0.7788
0.7814
0.7860
0.7911
0.7984
0.8031
0.8029
0.7975
0.7871
0.7776
0.7743
0.7743
0.7732
0.7678
0.7598
0.7535
0.7507
0.7500
0.7498
0.7489
0.7472
0.7461
0.7545
0.7581
0.7622
0.7661
0.7691
0.7704
0.7703
0.7698
0.7680
0.7686
0.7677
0.7659
0.7655
0.7682
0.7817
0.7880
0.7914
0.7908
0.7920
0.7917
0.7888
0.7846
0.7805
0.7765
0.7731
0.7719
0.7738
0.7779
0.7817
0.7844
0.7872
0.7908
0.7942
0.7954
0.7934
0.7961
0.7956
0.7936
0.7888
0.7890
0.7813
0.7768
0.7770
0.7797
0.7807
0.7784
0.7750
0.7797
0.7800
0.7787
0.7770
0.7767
0.7775
0.7742
0.7710
0.7680
0.7670
0.7665
0.7634
0.7631
0.7639
0.7664
0.7778
0.7806
0.7808
0.7783
0.7745
0.7702
0.7677
0.7704
0.7781
0.7862
0.7907
0.7916
0.7902
0.7865
0.7823
0.7815
0.7853
0.7911
0.7951
0.7965
0.7978
0.8014
0.8063
0.8094
0.8090
0.8071
0.8031
0.8003
0.7962
0.7917
0.7887
0.7887
0.7912
0.7936
0.7930
0.7894
0.7831
0.7797
0.7769
0.7767
0.7815
0.7896
0.7969
0.7999
0.8042
0.8060
0.8047
0.7998
0.7889
0.7756
0.7665
0.7643
0.7646
0.7634
0.7621
0.7626
0.7631
0.7625
0.7623
0.7640
0.7671
0.7679
0.7704
0.7712
0.7681
0.7670
0.7671
0.7689
0.7697
0.7660
0.7582
0.7574
0.7567
0.7570
0.7566
0.7562
0.7581
0.7595
0.7635
0.7663
0.7673
0.7664
0.7643
0.7632
0.7653
0.7715
0.7792
0.7911
0.7839
0.7698
0.7591
0.7586
0.7666
0.7769
0.7824
0.7803
0.7752
0.7741
0.7780
0.7833
0.7890
0.7952
0.7972
0.7974
0.7956
0.7926
0.7857
0.7803
0.7735
0.7720
0.7716
0.7695
0.7756
0.7751
0.7757
0.7696
0.7624
0.7570
0.7540
0.7540
0.7566
0.7616
0.7674
0.7733
0.7765
0.7787
0.7803
0.7802
0.7772
0.7724
0.7639
0.7561
0.7519
0.7499
0.7471
0.7431
0.7400
0.7408
0.7459
0.7506
0.7510
0.7484
0.7466
0.7472
0.7485
0.7484
0.7465
0.7435
0.7402
0.7385
0.7367
0.7399
0.7411
0.7412
0.7434
0.7480
0.7526
0.7559
0.7576
0.7563
0.7522
0.7479
0.7442
0.7455
0.7529
0.7597
0.7630
0.7630
0.7631
0.7669
0.7754
0.7860
0.7944
0.7990
0.8015
0.8022
0.8003
0.7968
0.7944
0.7951
0.7971
0.7946
0.7906
0.7838
0.7763
0.7685
0.7669
0.7651
0.7620
0.7589
0.7556
0.7524
0.7501
0.7483
0.7485
0.7547
0.7680
0.7819
0.7882
0.7850
0.7770
0.7696
0.7668
0.7683
0.7682
0.7621
0.7526
0.7443
0.7385
0.7354
0.7353
0.7377
0.7403
0.7400
0.7364
0.7320
0.7297
0.7303
0.7320
0.7334
0.7350
0.7384
0.7440
0.7480
0.7564
0.7638
0.7682
0.7699
0.7671
0.7667
0.7651
0.7606
0.7534
0.7463
0.7418
0.7401
0.7398
0.7397
0.7397
0.7394
0.7384
0.7371
0.7374
0.7378
0.7407
0.7434
0.7434
0.7409
0.7389
0.7386
0.7392
0.7414
0.7464
0.7503
0.7476
0.7381
0.7374
0.7314
0.7328
0.7395
0.7468
0.7499
0.7482
0.7485
0.7479
0.7443
0.7418
0.7436
0.7474
0.7504
0.7517
0.7510
0.7497
0.7514
0.7571
0.7740
0.7717
0.7676
0.7606
0.7522
0.7396
0.7329
0.7317
0.7355
0.7407
0.7447
0.7474
0.7500
0.7522
0.7530
0.7518
0.7485
0.7448
0.7437
0.7463
0.7492
0.7496
0.7488
0.7482
0.7418
0.7363
0.7265
0.7216
0.7166
0.7116
0.7105
0.7146
0.7197
0.7227
0.7245
0.7266
0.7276
0.7266
0.7247
0.7238
0.7250
0.7285
0.7330
0.7366
0.7385
0.7403
0.7435
0.7469
0.7484
0.7489
0.7507
0.7546
0.7608
0.7692
0.7777
0.7842
0.7892
0.7926
0.7894
0.7860
0.7812
0.7762
0.7715
0.7691
0.7692
0.7687
0.7615
0.7568
0.7535
0.7521
0.7532
0.7563
0.7579
0.7556
0.7504
0.7469
0.7457
0.7561
0.7685
0.7761
0.7774
0.7757
0.7742
0.7726
0.7705
0.7689
0.7678
0.7636
0.7556
0.7485
0.7455
0.7448
0.7444
0.7435
0.7394
0.7315
0.7246
0.7225
0.7223
0.7202
0.7173
0.7170
0.7193
0.7221
0.7259
0.7305
0.7326
0.7307
0.7282
0.7287
0.7335
0.7415
0.7483
0.7499
0.7472
0.7439
0.7419
0.7395
0.7343
0.7262
0.7194
0.7174
0.7190
0.7202
0.7206
0.7217
0.7222
0.7205
0.7190
0.7215
0.7273
0.7327
0.7354
0.7346
0.7311
0.7274
0.7242
0.7202
0.7154
0.7117
0.7097
0.7081
0.7060
0.7046
0.7057
0.7053
0.7017
0.7038
0.7050
0.7042
0.7033
0.7038
0.7037
0.7021
0.7027
0.7076
0.7138
0.7136
0.7178
0.7228
0.7267
0.7284
0.7288
0.7288
0.7288
0.7288
0.7288
0.7284
0.7267
0.7233
0.7200
0.7204
0.7250
0.7306
0.7334
0.7322
0.7288
0.7250
0.7221
0.7211
0.7217
0.7229
0.7232
0.7234
0.7254
0.7292
0.7344
0.7393
0.7415
0.7398
0.7368
0.7365
0.7381
0.7377
0.7343
0.7300
0.7250
0.7169
0.7069
0.6992
0.6962
0.6971
0.7009
0.7059
0.7097
0.7114
0.7241
0.7241
0.7241
0.7237
0.7220
0.7181
0.7130
0.7091
0.7078
0.7091
0.7130
0.7181
0.7220
0.7237
0.7241
0.7246
0.7263
0.7302
0.7357
0.7409
0.7444
0.7447
0.7414
0.7380
0.7375
0.7384
0.7392
0.7419
0.7469
0.7509
0.7531
0.7563
0.7604
0.7612
0.7564
0.7493
0.7448
0.7457
0.7514
0.7581
0.7625
0.7660
0.7701
0.7733
0.7728
0.7676
0.7586
0.7492
0.7423
0.7379
0.7363
0.7374
0.7392
0.7342
0.7307
0.7259
0.7233
0.7241
0.7258
0.7251
0.7201
0.7133
0.7106
0.7172
0.7259
0.7392
0.7464
0.7472
0.7341
0.7282
0.7165
0.7084
0.6982
0.6883
0.6821
0.6802
0.6817
0.6863
0.6933
0.6992
0.7000
0.6966
0.6921
0.7032
0.7174
0.7255
0.7282
0.7265
0.7332
0.7382
0.7367
0.7298
0.7207
0.7123
0.7084
0.7120
0.7205
0.7285
0.7359
0.7455
0.7554
0.7617
0.7594
0.7600
0.7600
0.7595
0.7580
0.7554
0.7536
0.7530
0.7510
0.7471
0.7454
0.7496
0.7580
0.7659
0.7710
0.7744
0.7754
0.7725
0.7670
0.7630
0.7630
0.7623
0.7683
0.7729
0.7745
0.7729
0.7688
0.7649
0.7649
0.7688
0.7730
0.7750
0.7755
0.7755
0.7750
0.7729
0.7683
0.7623
0.7576
0.7551
0.7531
0.7509
0.7511
0.7549
0.7572
0.7682
0.7649
0.7632
0.7579
0.7495
0.7399
0.7314
0.7256
0.7213
0.7160
0.7102
0.7074
0.7097
0.7138
0.7159
0.7166
0.7188
0.7216
0.7168
0.7147
0.7097
0.7033
0.6984
0.6962
0.6957
0.6957
0.6957
0.6957
0.6962
0.6984
0.7033
0.7092
0.7119
0.7091
0.7028
0.6962
0.6913
0.6898
0.6935
0.7011
0.7092
0.7140
0.7131
0.7048
0.6907
0.6779
0.6722
0.6718
0.6713
0.6688
0.6665
0.6647
0.6624
0.6632
0.6706
0.6782
0.6772
0.6696
0.6657
0.6695
0.6763
0.6809
0.6848
0.6941
0.7102
0.7260
0.7342
0.7336
0.7265
0.7187
0.7157
0.7179
0.7219
0.7243
0.7250
0.7272
0.7314
0.7337
0.7249
0.7189
0.7145
0.7145
0.7190
0.7255
0.7305
0.7322
0.7300
0.7233
0.7139
0.7073
0.7066
0.7089
0.7106
0.7111
0.7116
0.7133
0.7161
0.7177
0.7161
0.7127
0.7083
0.7011
0.6917
0.6851
0.6844
0.6867
0.6884
0.6894
0.6917
0.6972
0.7055
0.7134
0.7171
0.7155
0.7105
0.7038
0.6967
0.6912
0.6878
0.6867
0.6901
0.6977
0.7033
0.7022
0.6967
0.6922
0.6922
0.6968
0.7032
0.7079
0.7089
0.7089
0.7129
0.7233
0.7361
0.7461
0.7499
0.7471
0.7406
0.7339
0.7289
0.7268
0.7278
0.7295
0.7305
0.7340
0.7399
0.7427
0.7395
0.7333
0.7266
0.7218
0.7217
0.7261
0.7306
0.7327
0.7328
0.7311
0.7278
0.7245
0.7233
0.7245
0.7278
0.7316
0.7356
0.7411
0.7477
0.7527
0.7545
0.7532
0.7500
0.7462
0.7427
0.7389
0.7356
0.7333
0.7305
0.7249
0.7161
0.7061
0.6978
0.6945
0.6973
0.7039
0.7111
0.7184
0.7255
0.7305
0.7328
0.7333
0.7333
0.7334
0.7339
0.7361
0.7406
0.7449
0.7449
0.7400
0.7333
0.7261
0.7190
0.7139
0.7117
0.7112
0.7111
0.7111
0.7111
0.7111
0.7111
0.7112
0.7052
0.7079
0.7151
0.7215
0.7239
0.7297
0.7389
0.7489
0.7557
0.7563
0.7518
0.7471
0.7448
0.7442
0.7436
0.7419
0.7395
0.7334
0.7381
0.7427
0.7429
0.7404
0.7380
0.7352
0.7297
0.7227
0.7179
0.7178
0.7221
0.7268
0.7273
0.7251
0.7256
0.7297
0.7322
0.7291
0.7226
0.7173
0.7149
0.7142
0.7132
0.7095
0.7029
0.6972
0.6945
0.6912
0.6846
0.6785
0.6776
0.6809
0.6851
0.6906
0.6975
0.7006
0.6983
0.6963
0.6994
0.7053
0.7084
0.7065
0.7042
0.7073
0.7141
0.7129
0.7177
0.7230
0.7256
0.7220
0.7140
0.7078
0.7081
0.7121
0.7120
0.7069
0.7017
0.6975
0.6936
0.6927
0.6968
0.7051
0.7145
0.7206
0.7227
0.7236
0.7237
0.7240
0.7264
0.7297
0.7249
0.7244
0.7148
0.7019
0.6967
0.6962
0.6991
0.6993
0.6922
0.6774
0.6607
0.6533
0.6586
0.6560
0.6505
0.6293
0.5855
0.5644
0.5510
0.5409
0.5669
0.5505
0.5625
0.5700
0.5661
0.5517
0.5398
0.5519
0.5261
0.5012
0.5107
0.5436
