0.9286
0.9612
0.9740
0.9753
0.9822
0.9903
0.9886
0.9726
0.9486
0.9268
0.9153
0.9181
0.9302
0.9407
0.9484
0.9571
0.9678
0.9806
0.9920
0.9963
0.9903
0.9728
0.9565
0.9565
0.9728
0.9897
0.9979
0.9996
0.9975
0.9851
0.9550
0.9151
0.8956
0.9151
0.9550
0.9851
0.9969
0.9998
0.9995
0.9948
0.9775
0.9470
0.9232
0.9242
0.9351
0.9525
0.9496
0.9194
0.8709
0.8356
0.8439
0.8844
0.9218
0.9434
0.9499
0.9309
0.8909
0.8706
0.9040
0.9824
0.9961
0.9964
0.9857
0.9676
0.9578
0.9676
0.9857
0.9967
0.9997
1.0000
1.0000
1.0000
1.0000
1.0000
1.0000
1.0000
1.0000
1.0000
1.0000
1.0000
1.0000
1.0000
1.0000
1.0000
1.0000
1.0000
1.0000
1.0000
1.0000
1.0000
1.0000
1.0000
1.0000
1.0000
1.0000
1.0000
1.0000
1.0000
1.0000
1.0000
1.0000
1.0000
1.0000
1.0000
1.0000
