0.7586
0.7934
0.8300
0.8515
0.8443
0.8207
0.7763
0.7353
0.7117
0.6998
0.6987
0.7105
0.7287
0.7398
0.7418
0.7446
0.7428
0.7487
0.7797
0.7777
0.7726
0.7913
0.7933
0.7835
0.7643
0.7457
0.7357
0.7364
0.7432
0.7502
0.7586
0.7706
0.7793
0.7781
0.7733
0.7757
0.7872
0.8032
0.8160
0.8186
0.8106
0.7978
0.7871
0.7794
0.7728
0.7698
0.7728
0.7784
0.7827
0.7881
0.7990
0.8162
0.8359
0.8531
0.8639
0.8674
0.8640
0.8542
0.8404
0.8272
0.8172
0.8122
0.8109
0.8074
0.8014
0.7989
0.8020
0.8079
0.8151
0.8216
0.8251
0.8260
0.8261
0.8261
0.8261
0.8261
0.8261
0.8261
0.8261
0.8261
0.8261
0.8261
0.8261
0.8262
0.8272
0.8314
0.8403
0.8489
0.8499
0.8458
0.8468
0.8554
0.8642
0.8685
0.8695
0.8696
0.8695
0.8685
0.8642
0.8554
0.8469
0.8469
0.8488
0.8580
0.8625
0.8635
0.8636
0.8636
0.8636
0.8636
0.8635
0.8626
0.8591
0.8533
0.8502
0.8533
0.8591
0.8626
0.8635
0.8636
0.8636
0.8635
0.8626
0.8591
0.8533
0.8502
0.8533
0.8591
0.8626
0.8635
0.8636
0.8636
0.8636
0.8636
0.8636
0.8636
0.8636
0.8636
0.8636
0.8636
0.8636
0.8636
0.8636
0.8636
0.8636
0.8636
0.8636
0.8636
0.8635
0.8625
0.8578
0.8466
0.8296
0.8136
0.8058
0.8069
0.8092
0.8080
0.8104
0.8239
0.8431
0.8569
0.8624
0.8634
0.8625
0.8579
0.8477
0.8353
0.8285
0.8308
0.8373
0.8434
0.8476
0.8487
0.8490
0.8522
0.8545
0.8522
0.8490
0.8488
0.8488
0.8490
0.8521
0.8534
0.8467
0.8353
0.8296
0.8353
0.8477
0.8579
0.8624
0.8625
0.8591
0.8533
0.8502
0.8533
0.8591
0.8626
0.8635
0.8636
0.8636
0.8636
0.8636
0.8636
0.8636
0.9048
0.9048
0.9048
0.9048
0.9048
0.9048
0.8999
0.8988
0.8950
0.8887
0.8852
0.8887
0.8950
0.8988
0.8999
0.8999
0.8988
0.8950
0.8887
0.8852
0.8887
0.8950
0.8988
0.8998
0.8988
0.8950
0.8887
0.8852
0.8887
0.8950
0.8988
0.8999
0.9000
0.8999
0.8987
0.8938
0.8837
0.8738
0.8727
0.8787
0.8825
0.8840
0.8827
0.8895
0.8935
0.8946
0.8947
0.8947
0.8947
0.8947
0.8947
0.8947
0.8947
0.8947
0.8889
0.8889
0.8889
0.8889
0.8889
0.8889
0.8889
0.8889
0.8889
0.8889
0.8889
0.8889
0.8889
0.8888
0.8876
0.8833
0.8763
0.8725
0.8763
0.8833
0.8876
0.8888
0.8889
0.8889
0.8889
0.8889
0.8889
0.8888
0.8810
0.8685
0.8579
0.8437
0.8293
0.8161
0.8012
0.7811
0.7599
0.7395
0.7660
0.7415
0.7211
0.8066
0.7648
0.7548
0.7032
0.6404
0.6269
