0.9173
0.9228
0.9193
0.9134
0.9084
0.9054
0.9017
0.8993
0.8975
0.8969
0.8968
0.8969
0.8974
0.8986
0.9004
0.9027
0.9057
0.9079
0.9088
0.9083
0.9090
0.9106
0.9101
0.9096
0.9077
0.9066
0.9058
0.9067
0.9072
0.9077
0.9070
0.9026
0.8995
0.8962
0.8954
0.8953
0.8958
0.8954
0.8961
0.8985
0.8994
0.9006
0.9005
0.8989
0.8991
0.9001
0.8990
0.8961
0.8930
0.8894
0.8857
0.8848
0.8866
0.8866
0.8857
0.8853
0.8861
0.8861
0.8892
0.8922
0.8959
0.8972
0.8965
0.8938
0.8908
0.8898
0.8903
0.8912
0.8914
0.8907
0.8921
0.8937
0.8946
0.8971
0.8985
0.8978
0.8963
0.8958
0.8961
0.8954
0.8940
0.8917
0.8894
0.8846
0.8822
0.8808
0.8820
0.8845
0.8888
0.8900
0.8911
0.8907
0.8904
0.8894
0.8880
0.8858
0.8798
0.8777
0.8738
0.8733
0.8685
0.8650
0.8578
