0.8235
0.7805
0.7903
0.8295
0.8593
0.8688
0.8795
0.9105
0.9525
0.9822
0.9883
0.9745
0.9544
0.9445
0.9467
0.9489
0.9472
0.9497
0.9605
0.9719
0.9719
0.9604
0.9486
0.9440
0.9472
0.9546
0.9601
0.9619
0.9678
0.9806
0.9927
0.9985
0.9999
1.0000
1.0000
1.0000
1.0000
1.0000
1.0000
1.0000
1.0000
1.0000
1.0000
1.0000
1.0000
1.0000
1.0000
1.0000
1.0000
1.0000
1.0000
1.0000
1.0000
1.0000
1.0000
1.0000
1.0000
0.9999
0.9985
0.9927
0.9808
0.9693
0.9693
0.9808
0.9927
0.9984
0.9984
0.9926
0.9793
0.9619
0.9486
0.9427
0.9413
0.9413
0.9427
0.9486
0.9619
0.9793
0.9926
0.9985
0.9999
1.0000
1.0000
1.0000
1.0000
0.9999
0.9984
0.9912
0.9729
1.0000
1.0000
1.0000
1.0000
1.0000
1.0000
0.9999
0.9984
0.9922
0.9780
0.9595
0.9453
0.9391
0.9378
0.9390
0.9439
0.9529
0.9591
0.9490
0.9170
0.8966
0.8893
0.9023
0.9151
0.9268
0.9460
0.9706
0.9895
0.9979
0.9998
0.9998
0.9975
0.9865
0.9582
0.9998
0.9977
0.9901
0.9756
0.9677
0.9720
0.9723
