0.9007
0.8960
0.8975
0.8948
0.8915
0.8858
0.8799
0.8759
0.8777
0.8857
0.8943
0.8998
0.9016
0.9006
0.9025
0.9024
0.9036
0.9056
0.9072
0.9090
0.9110
0.9107
0.9085
0.9075
0.9040
0.9013
0.8997
0.8992
0.8997
0.9004
0.8994
0.9018
0.9064
0.9114
0.9110
0.9087
0.9053
0.9032
0.9042
0.9053
0.9037
0.9037
0.9017
0.9014
0.9031
0.9061
0.9126
0.9142
0.9150
0.9119
0.9093
0.9073
0.9067
0.9056
0.9041
0.9029
0.9000
0.8973
0.8922
0.8842
0.8762
0.8756
0.8781
0.8837
0.8909
0.8947
0.8998
0.9017
0.9031
0.9055
0.9082
0.9119
0.9145
0.9130
0.9089
0.9052
0.9037
0.9034
0.9001
0.8934
0.8882
0.8874
0.8884
0.8915
0.8901
0.8912
0.8896
0.8875
0.8844
0.8817
0.8788
0.8769
0.8764
0.8797
0.8827
0.8830
0.8795
0.8760
0.8718
0.8713
0.8698
0.8711
0.8719
0.8724
0.8731
0.8733
0.8725
0.8724
0.8745
0.8752
0.8740
0.8722
0.8687
0.8617
0.8585
0.8561
0.8632
0.8684
0.8740
0.8770
0.8789
0.8825
0.8772
0.8775
0.8778
0.8817
0.8840
0.8825
0.8789
0.8809
0.8790
0.8792
0.8791
0.8747
0.8726
0.8642
0.8633
0.8635
0.8667
0.8695
0.8721
0.8745
0.8753
0.8745
0.8716
0.8700
0.8694
0.8705
0.8718
0.8707
0.8676
0.8685
0.8694
0.8717
0.8734
0.8735
0.8705
0.8714
0.8704
0.8680
0.8637
0.8605
0.8623
0.8679
0.8716
0.8724
0.8651
0.8570
0.8443
0.8457
0.8400
0.8426
