0.8205
0.8436
0.8576
0.8583
0.8410
0.8081
0.7711
0.7674
0.7674
0.7833
0.8021
0.8276
0.8622
0.8897
0.8967
0.8934
0.8963
0.9098
0.9173
0.9192
0.9221
0.9229
0.9412
0.9403
0.9298
0.9185
0.9203
0.9307
0.9351
0.9216
0.9059
0.9076
0.9233
0.9336
0.9297
0.9219
0.9225
0.9316
0.9435
0.9539
0.9582
0.9533
0.9415
0.9283
0.9169
0.9073
0.9021
0.9069
0.9195
0.9250
0.9215
0.9067
0.8872
0.8751
0.8769
0.8897
0.9078
0.9258
0.9360
0.9345
0.9240
0.9188
0.9205
0.9241
0.9233
0.9158
0.9045
0.8930
0.8830
0.8788
0.8877
0.9089
0.9331
0.9535
0.9687
0.9784
0.9849
0.9908
0.9946
0.9910
0.9774
0.9574
0.9363
0.9189
0.9091
0.9039
0.8946
0.9091
0.9114
0.9177
0.9277
0.9404
0.9596
0.9731
0.9731
0.9666
0.9648
0.9601
0.9561
0.9508
0.9472
0.9460
0.9430
0.9390
0.9421
0.9520
0.9579
0.9572
0.9589
0.9670
0.9760
0.9831
0.9898
0.9950
0.9951
0.9908
0.9882
0.9909
0.9960
0.9991
0.9999
1.0000
0.9999
0.9990
0.9950
0.9858
0.9736
0.9639
1.0000
0.9999
0.9989
0.9948
0.9853
0.9729
0.9626
0.9552
0.9490
0.9438
0.9478
0.9576
0.9707
0.9835
0.9891
0.9835
0.9712
0.9608
1.0000
1.0000
0.9999
0.9989
0.9955
0.9897
0.9865
0.9881
0.9904
0.9870
0.9811
0.9784
0.9811
0.9869
0.9892
0.9821
0.9691
0.9585
0.9548
0.9585
0.9692
0.9832
0.9940
0.9988
0.9999
1.0000
1.0000
0.9999
0.9987
0.9929
0.9781
1.0000
1.0000
0.9999
0.9986
0.9926
0.9772
0.9521
0.9283
0.9758
0.9837
