0.7222
0.8115
0.8734
0.8790
0.8583
0.8490
0.8735
0.9014
0.8985
0.8855
0.8967
0.9191
0.9194
0.9013
0.8944
0.9102
0.9354
0.9590
0.9790
0.9926
0.9985
0.9999
1.0000
1.0000
1.0000
1.0000
1.0000
1.0000
0.9999
0.9986
0.9940
0.9853
0.9766
0.9720
0.9708
0.9718
0.9751
0.9779
0.9735
0.9625
0.9558
0.9594
0.9565
0.9496
0.9299
0.9049
0.8920
0.8972
0.9078
0.9076
0.8954
0.8828
0.8783
0.8844
0.9038
0.9333
0.9333
0.9333
0.9335
0.9350
0.9417
0.9568
0.9765
0.9916
0.9983
0.9999
0.9999
0.9984
0.9933
0.9849
0.9803
0.9847
0.9918
0.9918
0.9847
0.9803
0.9849
0.9933
0.9984
0.9999
1.0000
1.0000
1.0000
1.0000
1.0000
1.0000
1.0000
1.0000
1.0000
1.0000
1.0000
1.0000
1.0000
1.0000
1.0000
1.0000
1.0000
1.0000
1.0000
1.0000
1.0000
1.0000
1.0000
1.0000
1.0000
1.0000
1.0000
1.0000
0.9998
0.9983
0.9929
0.9838
0.9789
0.9838
0.9929
0.9983
0.9998
1.0000
1.0000
1.0000
1.0000
1.0000
1.0000
1.0000
1.0000
1.0000
1.0000
1.0000
1.0000
1.0000
1.0000
1.0000
1.0000
1.0000
1.0000
1.0000
1.0000
1.0000
1.0000
1.0000
1.0000
1.0000
1.0000
1.0000
0.9998
0.9983
0.9929
0.9838
0.9789
0.9838
0.9929
0.9983
0.9998
1.0000
1.0000
1.0000
1.0000
1.0000
0.9998
0.9983
0.9929
0.9838
0.9789
0.9838
0.9929
0.9982
0.9982
0.9929
0.9838
0.9789
0.9838
0.9929
0.9983
0.9998
1.0000
1.0000
1.0000
1.0000
1.0000
1.0000
1.0000
1.0000
1.0000
1.0000
1.0000
1.0000
1.0000
1.0000
1.0000
1.0000
1.0000
1.0000
1.0000
1.0000
1.0000
1.0000
1.0000
1.0000
1.0000
0.9998
0.9983
0.9931
0.9860
0.9861
1.0000
1.0000
1.0000
1.0000
1.0000
1.0000
1.0000
1.0000
1.0000
1.0000
1.0000
1.0000
1.0000
1.0000
1.0000
1.0000
1.0000
1.0000
1.0000
1.0000
1.0000
1.0000
1.0000
1.0000
1.0000
1.0000
1.0000
1.0000
1.0000
1.0000
1.0000
1.0000
1.0000
1.0000
1.0000
1.0000
1.0000
1.0000
0.9998
0.9982
0.9923
0.9826
0.9773
0.9826
0.9923
0.9982
0.9998
1.0000
1.0000
1.0000
1.0000
1.0000
1.0000
1.0000
1.0000
1.0000
1.0000
1.0000
1.0000
1.0000
1.0000
1.0000
1.0000
1.0000
1.0000
1.0000
1.0000
1.0000
1.0000
1.0000
1.0000
1.0000
1.0000
1.0000
1.0000
1.0000
1.0000
1.0000
1.0000
0.9996
0.9959
0.9810
0.9494
0.9004
0.8543
0.8009
0.9033
0.8965
0.9325
