0.8333
0.8407
0.8550
0.8651
0.9247
0.9207
0.9101
0.9393
0.9119
0.8730
0.8641
0.8819
0.9093
0.9388
0.9678
0.9886
0.9975
0.9975
0.9886
0.9682
0.9434
0.9319
0.9432
0.9659
0.9774
0.9648
0.9476
0.9420
0.9637
0.9863
0.9972
0.9998
1.0000
1.0000
1.0000
1.0000
1.0000
1.0000
1.0000
1.0000
1.0000
1.0000
1.0000
0.9997
0.9971
0.9875
0.9714
0.9602
0.9591
0.9589
0.9570
0.9560
0.9466
0.9318
0.9344
0.9591
0.9843
0.9936
0.9843
0.9591
0.9350
0.9362
0.9613
0.9857
0.9967
0.9997
1.0000
1.0000
1.0000
1.0000
1.0000
1.0000
1.0000
1.0000
1.0000
1.0000
1.0000
1.0000
1.0000
1.0000
1.0000
1.0000
1.0000
1.0000
1.0000
1.0000
1.0000
1.0000
1.0000
1.0000
1.0000
1.0000
1.0000
1.0000
1.0000
0.9997
0.9964
0.9821
0.9500
0.9108
0.8894
0.8935
0.9033
0.9075
0.9218
0.9530
0.9824
0.9961
0.9964
0.9857
0.9676
0.9578
0.9676
0.9857
0.9967
1.0000
