0.9167
0.9488
0.9599
0.9511
0.9300
0.9062
0.8817
0.8927
0.9354
0.9419
0.9441
0.9332
0.9145
0.8905
0.8715
0.8720
0.8963
0.9296
0.9537
0.9592
0.9474
0.9311
0.9189
0.9174
0.9132
0.9161
0.9195
0.9170
0.9149
0.9234
0.9368
0.9449
0.9471
0.9473
0.9461
0.9421
0.9354
0.9318
0.9354
0.9421
0.9461
0.9443
0.9444
0.9444
0.9444
0.9444
0.9444
0.9443
0.9432
0.9389
0.9318
0.9280
0.9318
0.9389
0.9432
0.9443
0.9444
0.9444
0.9412
0.9412
0.9412
0.9412
0.9412
0.9412
0.9412
0.9410
0.9397
0.9338
0.9205
0.9031
0.8896
0.8825
0.8765
0.8676
0.8590
0.8543
0.8532
0.8539
0.8549
0.8500
0.8363
0.8288
0.8422
0.8647
0.8708
0.8760
0.8813
0.8892
0.8935
0.8892
0.8814
0.8780
0.8830
0.8970
0.9153
0.9282
0.9297
0.9232
0.9190
0.9233
0.9312
0.9360
0.9374
0.9374
0.9360
0.9267
0.9182
0.9136
0.9181
0.9251
0.9250
0.9165
0.9070
0.9031
0.9070
0.9167
0.9264
0.9300
0.9233
0.9025
0.9211
0.9136
0.9686
0.9273
