0.8947
0.8665
0.8147
0.7494
0.6933
0.6397
0.6047
0.5954
0.6149
0.6422
0.6645
0.6654
0.6663
0.6663
0.6657
0.6592
0.6253
0.6153
0.6209
0.6486
0.6855
0.7144
0.7324
0.7419
0.7406
0.7264
0.7033
0.6812
0.6706
0.6736
0.6828
0.6733
0.6885
0.7030
0.7082
0.7037
0.6963
0.6917
0.6954
0.7046
0.7083
0.7036
0.6947
0.6850
0.6802
0.6833
0.6867
0.6835
0.6816
0.6902
0.7033
0.7098
0.7119
0.7181
0.7267
0.7318
0.7332
0.7332
0.7318
0.7267
0.7182
0.7136
0.7182
0.7267
0.7316
0.7315
0.7250
0.7100
0.6918
0.6834
0.6917
0.7083
0.7166
0.7083
0.6916
0.6819
0.6852
0.6949
0.7053
0.7164
0.7248
0.7236
0.7114
0.6985
0.6985
0.7115
0.7251
0.7318
0.7347
0.7400
0.7305
0.7920
0.7868
0.7789
0.7807
0.7965
0.8191
0.8977
0.8984
1.0000
1.0000
0.9993
0.9909
0.9504
0.8160
