0.9415
0.9412
0.9381
0.9346
0.9301
0.9273
0.9246
0.9236
0.9230
0.9218
0.9194
0.9179
0.9170
0.9160
0.9139
0.9132
0.9131
0.9120
0.9104
0.9090
0.9074
0.9073
0.9071
0.9081
0.9099
0.9127
0.9153
0.9165
0.9162
0.9150
0.9139
0.9136
0.9134
0.9131
0.9115
0.9085
0.9067
0.9056
0.9062
0.9063
0.9046
0.9034
0.9030
0.9037
0.9056
0.9060
0.9068
0.9074
0.9072
0.9062
0.9046
0.9021
0.8986
0.8960
0.8955
0.8982
0.9026
0.9066
0.9089
0.9097
0.9105
0.9118
0.9128
0.9128
0.9114
0.9084
0.9057
0.9057
0.9066
0.9087
0.9098
0.9096
0.9098
0.9098
0.9094
0.9095
0.9082
0.9078
0.9066
0.9061
0.9063
0.9056
0.9058
0.9053
0.9040
0.9034
0.9028
0.9019
0.9009
0.9007
0.8997
0.8993
0.9004
0.9004
0.8998
0.8991
0.8979
0.8966
0.8971
0.8981
0.8978
0.8966
0.8971
0.8969
0.8971
0.8971
0.8967
0.8973
0.8956
0.8939
0.8918
0.8906
0.8918
0.8926
0.8921
0.8926
0.8929
0.8928
0.8920
0.8920
0.8901
0.8885
0.8880
0.8878
0.8898
0.8904
0.8909
0.8918
0.8910
0.8916
0.8919
0.8934
0.8937
0.8926
0.8905
0.8887
0.8885
0.8877
0.8894
0.8887
0.8896
0.8894
0.8900
0.8879
0.8862
0.8839
0.8818
0.8810
0.8795
0.8778
0.8753
0.8731
0.8720
0.8717
0.8713
0.8719
0.8745
0.8768
0.8770
0.8773
0.8781
0.8768
0.8761
0.8757
0.8755
0.8760
0.8767
0.8777
0.8789
0.8778
0.8788
0.8791
0.8791
0.8796
0.8791
0.8787
0.8793
0.8787
0.8790
0.8795
0.8777
0.8757
0.8736
0.8724
0.8717
0.8730
0.8743
0.8760
0.8786
0.8794
0.8801
0.8802
0.8805
0.8809
0.8805
0.8803
0.8801
0.8797
0.8785
0.8776
0.8750
0.8722
0.8689
0.8645
0.8560
0.8460
0.8379
0.8298
0.8238
0.8180
0.8111
0.8116
0.8106
0.8172
0.8202
0.8229
0.8244
0.8261
0.8269
0.8292
0.8281
0.8274
0.8190
0.8093
0.8052
0.8024
0.7973
0.7937
0.7864
0.7902
