0.8947
0.9121
0.9226
0.9224
0.9132
0.9066
0.9093
0.9170
0.9250
0.9314
0.9288
0.9091
0.8791
0.8553
0.8447
0.8411
0.8366
0.8277
0.8160
0.8063
0.8057
0.8170
0.8315
0.8397
0.8419
0.8421
0.8421
0.8420
0.8407
0.8343
0.8179
0.8333
0.8333
0.8235
0.8235
0.8235
0.8235
0.8235
0.8235
0.8235
0.8235
0.8235
0.8235
0.8235
0.8235
0.8235
0.8235
0.8235
0.8235
0.8235
0.8235
0.8235
0.8234
0.8222
0.8176
0.8101
0.8048
0.8043
0.8043
0.8047
0.8087
0.8116
0.8075
0.8001
0.7969
0.8003
0.8087
0.8161
0.8163
0.8101
0.8061
0.8102
0.8176
0.8222
0.8234
0.8235
0.8237
0.8141
0.8084
0.8235
0.8432
0.8583
0.8648
0.8650
0.8600
0.8408
0.8342
0.8320
0.8248
0.8094
0.7963
0.7963
0.8094
0.8248
0.8317
0.8306
0.8230
0.8009
0.8068
0.8143
0.8250
0.7975
0.7971
0.7851
0.7914
