0.9429
0.9255
0.9261
0.9363
0.9479
0.9512
0.9460
0.9296
0.9013
0.8594
0.8534
0.8572
0.8627
0.8622
0.8475
0.8258
0.8059
0.7953
0.7966
0.8044
0.8108
0.8159
0.8208
0.8386
0.8483
0.8561
0.8597
0.8617
0.8596
0.8547
0.8528
0.8561
0.8645
0.8786
0.8944
0.9010
0.9026
0.8981
0.8928
0.8905
0.8919
0.8945
0.8961
0.8994
0.9082
0.9184
0.9241
0.9248
0.9214
0.9137
0.9056
0.9019
0.9008
0.8971
0.8898
0.8768
0.8554
0.8346
0.8288
0.8378
0.8503
0.8601
0.8665
0.8696
0.8712
0.8741
0.8786
0.8796
0.8714
0.8573
0.8493
0.8537
0.8585
0.8667
0.8720
0.8768
0.8859
0.9007
0.9144
0.9212
0.9229
0.9231
0.9231
0.9231
0.9231
0.9231
0.9231
0.9231
0.9231
0.9200
0.9200
0.9200
0.9200
0.9200
0.9200
0.9199
0.9189
0.9140
0.9018
0.8841
0.8691
0.8618
0.8583
0.8520
0.8419
0.8373
0.8460
0.8620
0.8744
0.8739
0.8749
0.8748
0.8730
0.8656
0.8508
0.8347
0.8249
0.8209
0.8212
0.8290
0.8439
0.8604
0.8748
0.8876
0.8977
0.9020
0.9033
0.9071
0.9125
0.9157
0.9166
0.9167
0.9167
0.9167
0.9167
0.9166
0.9157
0.9124
0.9060
0.8972
0.8841
0.8655
0.8489
0.8345
0.8706
0.8728
0.8806
0.8932
0.9033
0.9068
0.9033
0.8931
0.8796
0.8694
0.8659
0.8694
0.8795
0.8920
0.8988
0.8976
0.8956
0.8987
0.9035
0.9035
0.8987
0.8957
0.8988
0.9045
0.9080
0.9090
0.9090
0.9080
0.9045
0.8987
0.8946
0.8942
0.8941
0.8935
0.8941
0.8892
0.8895
0.8928
0.8951
0.8918
0.8858
0.8832
0.8859
0.8929
0.8999
0.9037
0.9047
0.9048
0.9048
0.9047
0.9037
0.9002
0.8954
0.8953
0.8976
0.8887
0.8711
0.8528
0.8368
0.8382
0.8409
0.8408
0.8368
0.8302
0.8266
0.8302
0.8367
0.8395
0.8354
0.8237
0.8092
0.8015
0.8041
0.8117
0.8199
0.8288
0.8367
0.8408
0.8409
0.8381
0.8356
0.8396
0.8499
0.8568
0.8564
0.8581
0.8695
0.8829
0.8870
0.8825
0.8777
0.8750
0.8657
0.8476
0.8344
0.8387
0.8597
0.8862
0.8888
0.8903
0.8959
0.9085
0.9249
0.9375
0.9397
0.9410
0.9412
0.9412
0.9412
0.9412
0.9412
0.9412
0.9412
0.9412
0.9412
0.9412
0.9412
0.9412
0.9412
0.9412
0.9412
0.9410
0.9398
0.9353
0.9278
0.9238
0.9278
0.9352
0.9384
0.9352
0.9277
0.9224
0.9220
0.9220
0.9224
0.9277
0.9353
0.9398
0.9410
0.9412
0.9412
0.9375
0.9375
0.9375
0.9375
0.9375
0.9375
0.9333
0.9333
0.9286
0.9286
0.9286
0.9286
0.9286
0.9286
0.9286
0.9284
0.9268
0.9198
0.9051
0.8895
0.8823
0.8802
0.8753
0.8733
0.8840
0.9036
0.9196
0.9268
0.9284
0.9286
0.9286
0.9286
0.9286
0.9286
0.9286
0.9231
0.9229
0.9213
0.9154
0.9056
0.9003
0.9056
0.9152
0.9195
0.9152
0.9056
0.9002
0.9038
0.9077
0.9038
0.9002
0.9055
0.9136
0.9134
0.9035
0.8907
0.8784
0.8636
0.8444
0.8208
0.7963
0.7769
0.7615
0.7425
0.7214
0.7116
0.7214
0.7423
0.7596
0.7673
0.7691
0.7692
0.7692
0.7692
0.7692
0.7692
0.7500
0.7500
0.7500
0.7500
0.7500
0.7500
0.7500
0.7500
0.7500
0.7500
0.7500
0.7500
0.7500
0.7498
0.7481
0.7417
0.7311
0.7252
0.7290
0.7312
0.7185
0.6949
0.6749
0.7273
0.7273
0.7273
0.7273
0.7273
0.7273
0.7273
0.7273
0.7273
0.7273
0.7273
0.7273
0.7273
0.7273
0.7273
0.7273
0.7273
0.7273
0.7273
0.7273
0.7273
0.7273
0.7273
0.7273
0.7273
0.7273
0.7271
0.7250
0.7161
0.6976
0.6798
0.6798
0.6976
0.7161
0.7250
0.7271
0.7273
0.7273
0.7273
0.7273
0.7273
0.7273
0.7273
0.7273
0.7273
0.7273
0.7273
0.7273
0.7273
0.7273
0.7273
0.7273
0.7273
0.7273
0.7273
0.7273
0.7273
0.7000
0.7002
0.7025
0.7126
0.7352
0.7648
0.7874
0.7975
0.7998
0.8000
0.7778
0.7778
0.7778
0.7778
0.7778
0.7778
0.7778
0.7775
0.7750
0.7641
0.7415
0.7195
0.7169
0.7275
0.7252
0.7058
0.6943
0.7086
0.7389
0.7638
0.7750
0.7778
0.7806
0.7917
0.8169
0.8497
0.8749
0.8861
0.8884
0.8863
0.8778
0.8637
0.8561
0.8467
0.8625
0.8721
0.8747
0.8750
0.8747
0.8721
0.8625
0.8467
0.8381
0.8464
0.8593
0.8567
0.8339
0.8097
0.8097
0.8341
0.8593
0.8686
0.8593
0.8341
0.8094
0.8068
0.8214
0.8283
0.8224
0.8180
0.8253
0.8406
0.8465
0.8278
0.7911
0.7564
0.7405
0.7568
0.7963
0.8157
0.7838
0.7248
0.6841
0.6710
0.6400
0.6397
0.6676
0.6967
0.7107
0.7140
0.7143
0.7143
0.7146
0.7182
0.7355
0.7800
0.8333
0.8333
0.8333
0.8333
0.8333
0.8333
0.8333
0.8333
0.8333
0.8333
0.8333
0.8333
0.8333
0.8333
0.8000
0.8000
0.8000
0.8000
0.8000
0.8000
0.8000
0.8000
0.8000
1.0000
1.0000
1.0000
0.9995
0.9936
0.9686
0.9119
0.8381
0.7085
0.6759
0.6759
0.7085
0.7841
0.8826
0.9582
0.9915
0.9993
0.9993
0.9909
0.9504
0.8467
1.0000
1.0000
1.0000
1.0000
0.9989
0.9873
0.9383
0.8366
0.7378
0.7273
0.7866
0.8250
0.8395
0.8855
0.9500
0.9884
0.9989
1.0000
1.0000
1.0000
0.9989
0.9884
0.8999
0.7733
0.7045
0.7733
0.8999
0.9767
0.9978
1.0000
1.0000
1.0000
1.0000
1.0000
1.0000
1.0000
1.0000
1.0000
