0.8636
0.8092
0.7742
0.7934
0.7821
0.7632
0.7401
0.7185
0.7017
0.6886
0.6702
0.6456
0.6315
0.6331
0.6325
0.6196
0.6006
0.5843
0.5735
0.5631
0.5504
0.5440
0.5235
0.5392
0.5485
0.5483
0.5519
0.5711
0.5978
0.5915
0.5968
0.5932
0.5847
0.5788
0.5782
0.5782
0.5789
0.5866
0.6034
0.6304
0.6682
0.7100
0.7480
0.7780
0.7899
0.7710
0.7286
0.6901
0.6710
0.7146
0.7143
0.7143
0.7143
0.7141
0.7126
0.7071
0.6981
0.6932
0.6981
0.7071
0.7125
0.7673
0.7615
0.7518
0.7465
0.7516
0.7594
0.7560
0.7343
0.7020
0.6791
0.6750
0.6771
0.6731
0.6696
0.6765
0.6904
0.6983
0.6878
0.6601
0.6347
0.6286
0.6409
0.6556
0.6556
0.6405
0.6249
0.6173
0.6156
0.6154
0.6156
0.6173
0.6247
0.6389
0.6498
0.6478
0.6449
0.6573
0.6769
0.6887
0.6920
0.6925
0.6943
0.7018
0.7174
0.7325
0.7326
0.7192
0.7097
0.7137
0.7249
0.7370
0.7507
0.7631
0.7463
0.7333
0.7122
0.7008
0.7122
0.7331
0.7440
0.7394
0.7226
0.7045
0.6980
0.7019
0.7068
0.7101
0.7169
0.7293
0.7436
0.7585
0.7792
0.8040
0.8229
0.8312
0.8330
0.8312
0.8229
0.8040
0.7794
0.7603
0.7502
0.7418
0.7311
0.7254
0.7309
0.7395
0.7374
0.7185
0.6877
0.6584
0.6461
0.6563
0.6774
0.6915
0.6958
0.7042
0.7206
0.7314
0.7288
0.7234
0.7249
0.7090
0.7303
0.7653
0.7977
0.8138
0.8178
0.8182
0.8182
0.8182
0.8182
0.8182
0.8182
0.8182
0.8180
0.8159
0.8070
0.7883
0.7686
0.7616
0.7679
0.7801
0.7953
0.8089
0.8161
0.8180
0.8182
0.8180
0.8159
0.8068
0.7862
0.7593
0.7387
0.7296
0.7275
0.7273
0.7273
0.7273
0.7273
0.7273
0.7271
0.7252
0.7184
0.7090
0.7118
0.7387
0.7771
0.8047
0.8157
0.8180
0.8180
0.8161
0.8091
0.7976
0.7913
0.7976
0.8089
0.8140
0.8087
0.7955
0.7822
0.7770
0.7822
0.7955
0.8089
0.8161
0.8180
0.8182
0.8182
0.8182
0.8180
0.8159
0.8068
0.7862
0.7593
0.7387
0.7296
0.7275
0.7273
0.7273
0.7273
0.7273
0.7273
0.7273
0.7273
0.7273
0.7000
0.7000
0.7000
0.7000
0.7000
0.7000
0.7000
0.7000
0.7000
0.7000
0.7000
0.7000
0.7000
0.6998
0.6977
0.6900
0.6773
0.6705
0.6773
0.6900
0.6977
0.6998
0.7000
0.7000
0.7000
0.7000
0.7000
0.7000
0.7000
0.7000
0.7000
0.7000
0.7000
0.7000
0.7000
0.7000
0.7000
0.7000
0.7000
0.7000
0.7000
0.7000
0.7000
0.7000
0.6998
0.6975
0.6874
0.6648
0.6352
0.6126
0.6025
0.6002
0.6000
0.6000
0.6000
0.6000
0.6002
0.6025
0.6126
0.6352
0.6648
0.6874
0.6975
0.6998
0.7000
0.7000
0.7000
0.7000
0.7000
0.7000
0.7000
0.7000
0.6667
0.6667
0.6667
0.6667
0.6667
0.6667
0.6667
0.6667
0.6667
0.6667
0.6667
0.6667
0.6667
0.6667
0.6667
0.6667
0.6667
0.6667
0.6667
0.6667
0.6669
0.6695
0.6806
0.7056
0.7358
0.7501
0.7384
0.7167
0.7060
0.7052
0.7058
0.7141
0.7273
0.7249
0.7030
0.6804
0.6695
0.6669
0.6667
0.6667
0.6667
0.6667
0.6667
0.6250
0.6250
0.6250
0.6250
0.6250
0.6250
0.6250
0.6250
0.6253
0.6284
0.6436
0.6825
0.7143
0.7143
0.7143
