0.9286
0.9276
0.9306
0.9424
0.9641
0.9851
0.9932
0.9833
0.9550
0.9150
0.8747
0.8486
0.8525
0.8817
0.9110
0.9249
0.9283
0.9286
0.9286
0.9286
0.9286
0.9286
0.9287
0.9304
0.9375
0.9536
0.9730
0.9821
0.9730
0.9536
0.9375
0.9304
0.9287
0.9286
0.9286
0.9286
0.9286
0.9286
0.9286
0.9286
0.9286
0.9286
0.9286
0.9286
0.9286
0.9286
0.9286
0.9286
0.9286
0.9286
0.9286
0.9286
0.9286
0.9286
0.9284
0.9268
0.9200
0.9073
0.8969
0.8925
0.8861
0.8814
0.8716
0.8459
0.8466
0.8704
0.8980
0.9126
0.9087
0.9089
0.9070
0.9000
0.8885
0.8818
0.8841
0.8791
0.8503
0.8069
0.7745
0.8440
0.8520
0.8628
0.8886
0.9351
0.9754
0.9961
0.9964
0.9857
0.9676
0.9578
0.9676
0.9857
0.9967
0.9997
0.9953
0.9800
0.9547
0.9405
0.9500
0.9595
0.9454
0.9204
0.9093
0.9209
0.9500
0.9795
0.9953
0.9996
1.0000
0.9996
0.9936
0.9692
0.8911
0.8259
0.8259
0.8911
0.9582
0.9830
0.9582
0.8903
0.8182
0.7945
0.8295
0.9025
