0.9412
0.9526
0.9512
0.9498
0.9531
0.9562
0.9530
0.9486
0.9432
0.9364
0.9205
0.9031
0.8934
0.8971
0.9113
0.9236
0.9248
0.9162
0.9037
0.8881
0.8684
0.8538
0.8532
0.8618
0.8735
0.8899
0.9083
0.9183
0.9164
0.9119
0.9114
0.9098
0.9039
0.8961
0.8902
0.8887
0.8896
0.8912
0.9044
0.9359
0.9466
0.9586
0.9699
0.9820
0.9925
0.9965
0.9910
0.9765
0.9610
0.9555
0.9605
0.9699
0.9802
0.9839
0.9750
0.9625
0.9627
0.9767
0.9912
0.9982
0.9998
1.0000
1.0000
0.9998
0.9982
0.9910
0.9748
0.9502
0.9326
0.9231
0.9139
0.8999
0.8926
0.9098
0.9460
0.9730
0.9769
0.9691
0.9632
0.9599
0.9537
0.9423
0.9309
0.9247
0.9210
0.9095
0.8770
0.8217
0.8217
0.8107
0.7958
0.7685
0.7786
0.8214
0.8593
0.9126
0.9656
0.9848
0.9930
0.9787
0.9295
0.8705
0.8251
0.7564
0.7505
0.7500
0.7500
0.7500
