0.9630
0.9340
0.9138
0.9008
0.8943
0.8901
0.8767
0.8476
0.8216
0.7957
0.7624
0.7721
0.7656
0.7847
0.7805
0.7811
0.7849
0.7752
0.7452
0.7202
0.7284
0.7584
0.7697
0.7748
0.7736
0.7728
0.7727
0.7727
0.7727
0.7727
0.7727
0.7727
0.7728
0.7631
0.7678
0.7775
0.7867
0.7856
0.7715
0.7511
0.7334
0.7252
0.7275
0.7344
0.7419
0.7499
0.7570
0.7613
0.7513
0.7562
0.7662
0.7749
0.7711
0.7550
0.7414
0.7399
0.7451
0.7488
0.7499
0.7500
0.7500
0.7500
0.7500
0.7500
0.7501
0.7511
0.7540
0.7574
0.7572
0.7517
0.7420
0.7302
0.7227
0.7222
0.7242
0.7261
0.7301
0.7375
0.7449
0.7488
0.7498
0.7487
0.7437
0.7323
0.7164
0.7013
0.6900
0.6865
0.6938
0.7076
0.7199
0.7288
0.7373
0.7436
0.7428
0.7347
0.7146
0.7213
0.7352
0.7423
0.7408
0.7380
0.7370
0.7368
0.7368
0.7368
0.7368
0.7367
0.7355
0.7304
0.7198
0.7108
0.7171
0.7422
0.7710
0.7838
0.7778
0.7640
0.7500
0.7358
0.7209
0.7095
0.7094
0.7196
0.7304
0.7355
0.7367
0.7368
0.7368
0.7368
0.7368
0.7368
0.7368
0.7368
0.7368
0.7368
0.7368
0.7368
0.7368
0.7368
0.7368
0.7368
0.7370
0.7382
0.7436
0.7568
0.7789
0.8080
0.8408
0.8694
0.8855
0.8866
0.8749
0.8554
0.8367
0.8266
0.8237
0.8184
0.8082
0.8038
0.8146
0.8349
0.8417
0.8598
0.8876
0.9122
0.9222
0.9209
0.9191
0.9225
0.9304
0.9373
0.9324
0.9203
0.9031
0.8897
0.8838
0.8825
0.8824
0.9375
0.9375
0.9375
0.9375
0.9375
0.9333
0.9333
0.9333
0.9332
0.9316
0.9250
0.9098
0.8902
0.8752
0.8699
0.8735
0.8818
0.8864
0.8818
0.8733
0.8682
0.8668
0.8667
0.8668
0.8684
0.8749
0.8885
0.9015
0.9015
0.8886
0.8764
0.8750
0.8819
0.8864
0.8818
0.8733
0.8682
0.8668
0.8667
0.8667
0.8667
0.8667
0.8667
0.8667
0.8667
0.8667
0.8667
0.8667
0.8667
0.8665
0.8651
0.8601
0.8532
0.8553
0.8750
0.9032
0.9233
0.9298
0.9250
0.9115
0.8985
0.8985
0.9115
0.9251
0.9316
0.9332
0.9333
0.9333
0.9333
0.9333
0.9333
0.9333
0.9333
0.9333
0.9333
0.9333
0.9332
0.9318
0.9267
0.9181
0.9119
0.9098
0.9032
0.8886
0.8747
0.8667
0.8586
0.8449
0.8319
0.8319
0.8449
0.8584
0.8650
0.8664
0.8651
0.8600
0.8411
0.8377
0.8481
0.8662
0.8764
0.8714
0.8555
0.8355
0.8200
0.8198
0.8338
0.8483
0.8553
0.8570
0.8571
0.8571
0.8571
0.8571
0.8571
0.8571
0.8571
0.8571
0.8571
0.8571
0.8571
0.8571
0.8573
0.8590
0.8661
0.8821
0.9016
0.9108
0.9034
0.8911
0.8913
0.9051
0.9176
0.9142
0.8856
0.8355
0.7895
0.7733
0.7733
0.7548
0.7633
0.7344
0.7173
0.6485
0.5920
