0.8649
0.8404
0.8079
0.7946
0.7841
0.7877
0.7978
0.8041
0.8089
0.8177
0.8296
0.8500
0.8562
0.8663
0.8699
0.8753
0.8804
0.8801
0.8852
0.8871
0.8998
0.9006
0.8939
0.8844
0.8768
0.8724
0.8736
0.8839
0.8939
0.8945
0.8907
0.8893
0.9019
0.9078
0.9074
0.9052
0.9072
0.9133
0.9185
0.9200
0.9282
0.9297
0.9260
0.9198
0.9169
0.9182
0.9205
0.9209
0.9190
0.9181
0.9152
0.9099
0.9100
0.9137
0.9282
0.9282
0.9179
0.9044
0.8905
0.8793
0.8856
0.8918
0.8977
0.9027
0.9070
0.9074
0.9025
0.8971
0.8954
0.9091
0.9090
0.9053
0.9114
0.9080
0.9061
0.9046
0.9039
0.9045
0.9052
0.9018
0.8953
0.8831
0.8676
0.8568
0.8564
0.8625
0.8668
0.8795
0.8742
0.8712
0.8725
0.8742
0.8676
0.8689
0.8625
0.8578
0.8535
0.8496
0.8514
0.8608
0.8705
0.8747
0.8745
0.8727
0.8716
0.8737
0.8762
0.8732
0.8785
0.8780
0.8751
0.8796
0.8868
0.8950
0.9018
0.9049
0.9045
0.9024
0.9060
0.9109
0.9131
0.9032
0.8900
0.8820
0.8829
0.8892
0.8925
0.8961
0.8948
0.8887
0.8803
0.8692
0.8595
0.8529
0.8478
0.8437
0.8448
0.8547
0.8696
0.8767
0.8836
0.8880
0.8881
0.8841
0.8794
0.8773
0.8770
0.8762
0.8740
0.8694
0.8632
0.8604
0.8635
0.8696
0.8762
0.8814
0.8837
0.8849
0.8893
0.8972
0.9033
0.9083
0.9105
0.9105
0.9078
0.9003
0.9063
0.9016
0.8943
0.8931
0.8970
0.9054
0.9156
0.9226
0.9232
0.9179
0.9124
0.9053
0.8992
0.8945
0.8849
0.8683
0.8503
0.8348
0.8213
0.8357
0.8413
0.8480
0.8836
0.8886
0.8873
0.8854
0.8837
0.8740
0.8642
0.8898
0.8885
0.8854
0.8705
0.8650
0.8642
0.8736
0.8916
0.8999
0.9059
0.9069
0.9125
0.9656
0.9565
