0.8400
0.8642
0.8645
0.8454
0.8385
0.8467
0.8627
0.8750
0.8779
0.8719
0.8794
0.8895
0.9012
0.9011
0.8885
0.8705
0.8615
0.8694
0.8841
0.8920
0.8944
0.8986
0.9035
0.9035
0.8938
0.8895
0.8881
0.8844
0.8787
0.8786
0.8832
0.8822
0.8738
0.8679
0.8638
0.8700
0.8739
0.8761
0.8801
0.8875
0.8949
0.8987
0.8987
0.8950
0.8886
0.8841
0.8837
0.8836
0.8766
0.8692
0.8638
0.8516
0.8403
0.8362
0.8404
0.8443
0.8616
0.8750
0.8809
0.8822
0.8822
0.8810
0.8765
0.8690
0.8650
0.8689
0.8673
0.8673
0.8606
0.8453
0.8432
0.8365
0.8219
0.8084
0.8035
0.8101
0.8307
0.8571
0.8571
0.8571
0.8333
0.8333
0.8332
0.8314
0.8250
0.8144
0.8087
0.8144
0.8250
0.8314
0.8332
0.8333
0.8333
0.8333
0.8333
0.8333
0.8333
0.8182
0.8182
0.8182
0.8182
0.8182
0.8182
0.8182
0.8182
0.8182
0.8182
0.8182
0.9000
0.9000
0.9000
0.9000
0.9000
0.9000
0.9000
0.9000
0.9000
0.9000
0.8886
0.8863
0.8778
0.8637
0.8561
0.8637
0.8778
0.8863
0.8886
0.8889
0.8750
0.8750
0.8571
0.8571
0.8571
0.8571
0.8571
0.8571
0.8568
0.8535
0.8395
0.8079
0.7637
