0.9000
0.9097
0.8933
0.8624
0.8291
0.8031
0.8135
0.8547
0.9198
0.9415
0.9275
0.9165
0.9309
0.9611
0.9861
0.9972
0.9998
1.0000
1.0000
1.0000
1.0000
1.0000
1.0000
0.9998
0.9970
0.9835
0.9489
1.0000
1.0000
1.0000
1.0000
0.9997
0.9971
0.9875
0.9717
0.9631
0.9717
0.9875
0.9971
0.9997
1.0000
1.0000
0.9997
0.9967
0.9857
0.9676
0.9578
0.9676
0.9854
0.9930
0.9821
0.9533
0.9254
0.9251
0.9500
0.9681
0.9640
0.9575
0.9676
0.9857
0.9967
0.9997
1.0000
1.0000
1.0000
1.0000
0.9997
0.9964
0.9824
0.9533
0.9271
0.9369
1.0000
1.0000
1.0000
1.0000
1.0000
1.0000
1.0000
1.0000
1.0000
1.0000
1.0000
1.0000
1.0000
1.0000
1.0000
1.0000
1.0000
1.0000
1.0000
1.0000
1.0000
1.0000
1.0000
1.0000
1.0000
1.0000
1.0000
1.0000
1.0000
1.0000
1.0000
1.0000
1.0000
1.0000
1.0000
1.0000
1.0000
1.0000
0.9996
0.9949
0.9753
0.9346
0.8956
0.8956
0.9342
0.9634
0.9582
0.9237
0.9015
0.9237
0.9582
0.9504
0.8826
0.7926
0.7503
0.7918
0.8756
0.9248
0.9159
0.9015
0.8866
0.9500
0.9884
0.9978
1.0000
