0.9600
0.8516
0.8216
0.8378
0.8484
0.8314
0.8082
0.8003
0.8035
0.8162
0.8316
0.8421
0.8367
0.8271
0.8054
0.8125
0.7982
0.7834
0.7958
0.8209
0.8382
0.8444
0.8425
0.8228
0.8027
0.8012
0.8128
0.8209
0.8206
0.8117
0.8216
0.8274
0.8658
0.8533
0.8227
0.7872
0.7273
0.6867
0.6502
0.6237
0.6251
0.6558
0.6921
0.7077
0.6939
0.6637
0.6447
0.6566
0.6928
0.7030
0.7109
0.6678
0.7000
0.6998
0.6977
0.6902
0.6799
0.6830
0.7126
0.7543
0.7801
0.7724
0.7311
0.7449
0.7526
0.7375
0.7471
0.7497
0.7500
0.7500
0.7500
0.7500
0.7143
0.7143
0.7143
0.7143
0.7143
0.7140
0.7107
0.6964
0.6640
0.6218
0.5894
0.5751
0.5717
0.5714
0.5714
0.5714
0.5714
0.5714
0.5714
0.5714
0.5714
0.5711
0.5678
0.5535
0.5217
0.4862
0.4824
0.5329
0.6140
0.6784
0.7070
0.7133
0.7110
0.7000
0.6819
0.6718
0.6250
0.6333
0.6246
0.6132
0.6122
0.6122
0.6135
0.6281
0.6454
0.6376
0.5870
0.5042
0.4339
0.4176
0.4482
0.4878
0.4251
0.4705
0.5295
0.5749
0.5949
0.6000
0.7564
0.7814
0.7841
0.8826
0.9582
0.9915
0.9993
1.0000
1.0000
1.0000
1.0000
1.0000
1.0000
1.0000
1.0000
1.0000
1.0000
1.0000
0.9993
0.9915
0.9582
0.8826
0.7841
0.7085
0.6751
0.6674
0.6667
0.6667
0.6667
0.6674
0.6751
0.7085
0.7841
0.8826
0.9582
0.9908
0.9908
0.9582
0.8826
0.7841
0.7078
0.6674
0.6333
0.5826
0.5271
0.4822
0.4585
0.4764
0.5166
0.5251
0.5259
0.6093
0.7736
0.9171
0.9830
0.9985
1.0000
1.0000
1.0000
1.0000
1.0000
1.0000
1.0000
1.0000
1.0000
1.0000
1.0000
1.0000
1.0000
1.0000
1.0000
0.9993
0.9915
0.9582
0.8826
0.7848
0.7163
0.7085
0.7430
0.7652
0.7422
0.7000
0.6744
0.6674
0.6667
0.6674
0.6751
0.7085
0.7841
0.8826
0.9574
0.9830
0.9574
0.8826
0.7841
0.7085
0.6751
0.6674
0.6667
0.6667
0.6667
0.6659
0.6582
0.6248
0.5492
0.4508
0.3752
0.3418
0.3341
0.3333
0.3333
0.3333
0.3333
0.3333
0.3341
0.3418
0.3765
0.4670
0.6270
0.7884
0.8612
0.8861
0.8133
0.6867
0.6139
0.6377
0.7000
0.7384
0.7489
0.7500
0.7489
0.7384
0.7000
0.6377
0.6128
0.6750
0.7633
0.7738
0.7262
0.7378
0.8366
0.9383
0.9862
0.9862
0.9372
0.8239
0.6761
0.5628
0.5127
0.5011
0.5000
0.5000
0.5000
0.5000
0.5000
0.5000
0.5000
0.5000
0.5000
0.5000
0.5000
0.5000
0.5000
0.5000
0.5000
0.5000
0.5000
0.5000
0.5000
0.5000
0.5000
0.5000
0.5000
0.5000
0.5000
0.5000
0.5000
0.5000
0.5000
0.5000
0.5000
0.5000
0.5000
0.5000
0.5000
0.5000
0.5000
0.5000
0.5000
0.5000
0.5000
0.5000
0.5000
0.5000
0.5000
0.5000
0.4989
0.4873
0.4383
0.3377
0.2505
0.2891
0.4441
0.5446
0.8490
0.8512
0.6710
0.4756
0.4545
0.5731
0.6477
0.6536
0.6456
0.5499
0.3544
0.2488
0.3777
0.6499
0.8745
0.9724
0.9724
0.8745
0.6477
0.3523
0.1255
0.0276
0.0276
0.1233
0.3268
0.5222
0.5244
0.3523
0.2488
0.3777
0.6477
0.8512
0.8745
0.7711
0.7045
0.7733
0.8999
0.9767
0.9978
1.0000
1.0000
1.0000
1.0000
1.0000
1.0000
1.0000
1.0000
1.0000
1.0000
0.9978
0.9746
0.8767
0.6732
0.4778
0.4756
0.6499
0.7744
0.7246
0.6080
0.5887
0.7232
