0.9583
0.9408
0.9217
0.8999
0.8815
0.8765
0.8836
0.8891
0.8882
0.8901
0.8988
0.9077
0.9078
0.9078
0.9033
0.8920
0.8750
0.8584
0.8490
0.8870
0.8843
0.8787
0.8787
0.8844
0.8881
0.8894
0.8926
0.8940
0.8870
0.8750
0.8691
0.8751
0.8880
0.9425
0.9423
0.9312
0.9139
0.9012
0.9040
0.9200
0.9337
0.9362
0.9350
0.9387
0.9450
0.9488
0.9499
0.9500
0.9500
0.9500
0.9500
0.9500
0.9500
0.9474
0.9474
0.9474
0.9474
0.9473
0.9460
0.9409
0.9301
0.9204
0.9229
0.9388
0.9306
0.9225
0.9193
0.9225
0.9265
0.9352
0.9398
0.9410
0.9412
0.9412
0.9412
0.9412
0.9412
0.9412
0.9412
0.9375
0.9375
0.9375
0.9375
0.9374
0.9359
0.9298
0.9171
0.8985
0.8985
0.9115
0.9250
0.9298
0.9233
0.9027
0.9286
0.9286
0.9286
0.9286
0.9286
0.9286
0.9284
0.9269
0.9214
0.9122
0.9058
0.9052
0.9052
0.9058
0.9124
0.9154
0.9211
0.9211
0.9154
0.9056
0.9002
0.9037
0.9059
0.8960
0.8809
0.8752
0.8805
0.8909
0.9037
0.9150
0.9193
0.9134
0.8894
0.8731
0.8731
0.8894
0.9064
0.9072
0.9025
0.9149
0.9400
