0.9841
0.9680
0.9519
0.9405
0.9358
0.9352
0.9534
0.9509
0.9439
0.9405
0.9439
0.9474
0.9449
0.9390
0.9303
0.9228
0.9158
0.9111
0.9081
0.9193
0.9232
0.9245
0.9218
0.9165
0.9103
0.9031
0.8952
0.8902
0.8911
0.8957
0.9014
0.9078
0.9126
0.9178
0.9218
0.9236
0.9227
0.9218
0.9226
0.9227
0.9182
0.9090
0.8992
0.8923
0.8891
0.8894
0.8910
0.8913
0.8890
0.8882
0.8838
0.8742
0.8628
0.8557
0.8562
0.8610
0.8644
0.8648
0.8623
0.8554
0.8523
0.8534
0.8585
0.8640
0.8666
0.8660
0.8641
0.8642
0.8671
0.8666
0.8878
0.8760
0.8644
0.8624
0.8674
0.8706
0.8769
0.8799
0.8743
0.8566
0.8388
0.8547
0.8627
0.8702
0.8789
0.8909
0.8995
0.8991
0.9035
0.8947
0.8894
0.8879
0.8826
0.8690
0.8533
0.8513
0.8644
0.8779
0.8892
0.8973
0.8988
0.8974
0.8938
0.8901
0.8887
0.8901
0.8937
0.8968
0.8963
0.8918
0.8870
0.8876
0.8950
0.9057
0.9154
0.9200
0.9162
0.9049
0.8947
0.8948
0.9032
0.9089
0.9023
0.8918
0.8846
0.8839
0.8867
0.8904
0.8929
0.8943
0.8994
0.9090
0.9126
0.9018
0.8911
0.8908
0.8979
0.9070
0.9161
0.9217
0.9204
0.9194
0.9167
0.9160
0.9139
0.9104
0.9085
0.9363
0.9375
0.9375
0.9344
0.9325
0.9345
0.9382
0.9404
0.9404
0.9382
0.9345
0.9325
0.9345
0.9382
0.9405
0.9411
0.9412
0.9412
0.9412
0.9412
0.9412
0.9412
0.9412
0.9412
0.9412
0.9412
0.9411
0.9405
0.9382
0.9345
0.9325
0.9344
0.9375
0.9367
0.9301
0.9444
0.9361
0.9297
0.9324
0.9234
0.9025
