0.9210
0.8976
0.8816
0.8723
0.8636
0.8572
0.8550
0.8542
0.8519
0.8532
0.8585
0.8654
0.8697
0.8728
0.8735
0.8745
0.8803
0.8862
0.8880
0.8878
0.8865
0.8869
0.8884
0.8890
0.8864
0.8869
0.8911
0.8936
0.8944
0.8950
0.8965
0.8974
0.8965
0.8973
0.8949
0.8941
0.8949
0.8948
0.8963
0.8973
0.8982
0.8969
0.8941
0.8929
0.8919
0.8943
0.8951
0.8967
0.8949
0.8950
0.8935
0.8912
0.8901
0.8887
0.8892
0.8914
0.8943
0.8937
0.8937
0.8934
0.8899
0.8908
0.8879
0.8901
0.8910
0.8918
0.8918
0.8929
0.8974
0.9038
0.9067
0.9087
0.9085
0.9091
0.9106
0.9117
0.9123
0.9129
0.9125
0.9136
0.9161
0.9179
0.9177
0.9179
0.9182
0.9174
0.9159
0.9142
0.9141
0.9106
0.9050
0.8991
0.8929
0.8755
0.8662
0.8606
0.8639
0.8654
0.8649
0.8718
0.8806
0.8932
