0.8611
0.8646
0.8490
0.8208
0.7979
0.7986
0.8094
0.8314
0.8409
0.8418
0.8463
0.8621
0.8951
0.9321
0.9487
0.9412
0.9106
0.8679
0.8407
0.8442
0.8687
0.8935
0.9141
0.9415
0.9643
0.9719
0.9653
0.9499
0.9315
0.9084
0.8817
0.8498
0.8220
0.8122
0.8056
0.8087
0.8171
0.8398
0.8496
0.8357
0.8108
0.8075
0.8358
0.8711
0.8934
0.9031
0.9051
0.9056
0.9104
0.9125
0.9019
0.8840
0.8653
0.8734
0.8883
0.8942
0.8905
0.8861
0.8830
0.8769
0.8673
0.8637
0.8749
0.8944
0.9058
0.9042
0.9003
0.8978
0.8920
0.8980
0.9103
0.9229
0.9334
0.9330
0.9167
0.8911
0.8771
0.8779
0.8650
0.8476
0.8478
0.8675
0.8900
0.9075
0.9222
0.9272
0.9127
0.8872
0.8707
0.8677
0.9488
0.9686
0.9525
0.9159
0.8608
0.8287
0.8186
0.8390
0.8749
0.8930
0.8782
0.8534
0.8529
0.8818
0.9093
0.8780
0.8005
