0.8846
0.8772
0.8760
0.8751
0.8600
0.8408
0.8220
0.8092
0.7949
0.7753
0.7630
0.7692
0.7843
0.7937
0.8025
0.8143
0.8372
0.8494
0.8506
0.8491
0.8532
0.8656
0.8805
0.8925
0.9043
0.9207
0.9373
0.9418
0.9289
0.9095
0.9002
0.9052
0.9168
0.9302
0.9424
0.9467
0.9366
0.9145
0.8959
0.8983
0.9204
0.9408
0.9417
0.9245
0.9068
0.9040
0.9136
0.9243
0.9288
0.9260
0.9199
0.9135
0.9074
0.9053
0.9115
0.9230
0.9332
0.9407
0.9477
0.9531
0.9531
0.9478
0.9419
0.9394
0.9419
0.9478
0.9531
0.9532
0.9487
0.9449
0.9427
0.9350
0.9554
0.9553
0.9512
0.9423
0.9338
0.9338
0.9423
0.9511
0.9544
0.9521
0.9467
0.9437
0.9466
0.9511
0.9500
0.9400
0.9229
0.9033
0.8872
0.8817
0.8914
0.9131
0.9357
0.9500
0.9553
0.9564
0.9564
0.9554
0.9512
0.9422
0.9328
0.9295
0.9325
0.9383
0.9456
0.9520
0.9544
0.9510
0.9412
0.9251
0.9148
0.9102
0.9092
0.9092
0.9101
0.9136
0.9194
0.9225
0.9194
0.9136
0.9100
0.9080
0.9035
0.8942
0.8854
0.8854
0.8942
0.9035
0.9079
0.9090
0.9091
0.9091
0.9091
0.9090
0.9080
0.9046
0.9000
0.9025
0.9205
0.9500
0.9772
0.9929
0.9976
0.9942
0.9840
0.9706
0.9603
0.9557
0.9546
0.9545
0.9545
0.9544
0.9535
0.9500
0.9442
0.9411
0.9441
0.9489
0.9489
0.9440
0.9401
0.9396
0.9386
0.9354
0.9327
0.9310
0.9283
0.9262
0.9298
0.9396
0.9489
0.9534
0.9544
0.9545
0.9545
0.9545
0.9545
0.9544
0.9533
0.9479
0.9348
0.9172
0.9027
0.8938
0.8926
0.8977
0.9114
0.9182
0.9201
0.9160
0.9082
0.9078
0.9195
0.9432
0.9389
0.9317
0.9267
0.9263
0.9262
0.9254
0.9217
0.9203
0.9084
0.8817
0.8573
0.8444
0.8685
