0.9307
0.9131
0.9025
0.8969
0.8961
0.8981
0.8994
0.9019
0.9066
0.9093
0.9107
0.9092
0.9081
0.9117
0.9144
0.9131
0.9105
0.9056
0.8986
0.8927
0.8930
0.8928
0.8971
0.9019
0.9041
0.9031
0.9036
0.9052
0.9090
0.9168
0.9221
0.9259
0.9282
0.9287
0.9293
0.9280
0.9282
0.9278
0.9279
0.9289
0.9304
0.9309
0.9297
0.9296
0.9298
0.9293
0.9288
0.9287
0.9294
0.9318
0.9330
0.9335
0.9338
0.9337
0.9327
0.9331
0.9318
0.9295
0.9301
0.9296
0.9312
0.9302
0.9302
0.9307
0.9295
0.9294
0.9305
0.9324
0.9357
0.9362
0.9343
0.9311
0.9292
0.9268
0.9258
0.9262
0.9263
0.9243
0.9208
0.9177
0.9172
0.9190
0.9226
0.9230
0.9225
0.9220
0.9217
0.9194
0.9167
0.9150
0.9144
0.9144
0.9138
0.9125
0.9110
0.9098
0.9092
0.9086
0.9075
0.9079
0.9067
0.9085
0.9107
0.9108
0.9102
0.9096
0.9114
0.9112
0.9126
0.9152
0.9182
0.9214
0.9243
0.9265
0.9270
0.9255
0.9225
0.9209
0.9185
0.9155
0.9130
0.9123
0.9119
0.9112
0.9108
0.9107
0.9131
0.9164
0.9182
0.9178
0.9162
0.9150
0.9145
0.9124
0.9078
0.9039
0.9032
0.9048
0.9079
0.9092
0.9104
0.9121
0.9145
0.9163
0.9168
0.9151
0.9126
0.9102
0.9083
0.9067
0.9060
0.9064
0.9062
0.9066
0.9043
0.9024
0.9010
0.9020
0.9030
0.9041
0.9051
0.9060
0.9077
0.9092
0.9103
0.9112
0.9120
0.9123
0.9124
0.9126
0.9132
0.9147
0.9151
0.9153
0.9149
0.9145
0.9140
0.9127
0.9116
0.9118
0.9123
0.9119
0.9131
0.9134
0.9132
0.9113
0.9091
0.9091
0.9059
0.8987
0.8879
0.8742
0.8614
0.8508
0.8422
0.8345
0.8245
0.8124
0.8195
0.8157
0.8121
0.8112
0.8044
