0.8438
0.8326
0.8252
0.8204
0.8189
0.8131
0.8223
0.8390
0.8467
0.8374
0.8236
0.8232
0.8411
0.8668
0.8856
0.8934
0.8982
0.9049
0.9083
0.9034
0.8924
0.8834
0.8827
0.8890
0.8943
0.8916
0.8806
0.8678
0.8599
0.8558
0.8520
0.8481
0.8451
0.8442
0.8432
0.8376
0.8291
0.8243
0.8258
0.8300
0.8326
0.8333
0.8333
0.8334
0.8341
0.8366
0.8400
0.8391
0.8299
0.8185
0.8134
0.8150
0.8194
0.8249
0.8299
0.8326
0.8275
0.8276
0.8276
0.8275
0.8205
0.8169
0.8089
0.7993
0.7956
0.8038
0.8220
0.8420
0.8519
0.8640
0.8758
0.8842
0.8879
0.8887
0.8879
0.8842
0.8758
0.8649
0.8565
0.8528
0.8519
0.8510
0.8481
0.8373
0.8340
0.8344
0.8365
0.8380
0.8371
0.8357
0.8415
0.8536
0.8576
0.8480
0.8337
0.8539
0.8274
0.8496
0.8548
0.8172
0.7686
0.7389
0.7096
