0.9355
0.9369
0.9410
0.9422
0.9381
0.9302
0.9315
0.9448
0.9612
0.9638
0.9611
0.9534
0.9412
0.9330
0.9286
0.9252
0.9212
0.9208
0.9250
0.9274
0.9245
0.9204
0.9177
0.9162
0.9141
0.9034
0.8786
0.8476
0.8250
0.8217
0.8377
0.8597
0.8714
0.8723
0.8740
0.8812
0.8885
0.8919
0.8928
0.8929
0.8929
0.8929
0.8929
0.8929
0.8929
0.8929
0.8929
0.8929
0.8929
0.8929
0.8929
0.8929
0.8929
0.8929
0.8929
0.8928
0.8919
0.8885
0.8812
0.8740
0.8723
0.8714
0.8594
0.8640
0.8574
0.8574
0.8650
0.8758
0.8842
0.8879
0.8888
0.8889
0.8888
0.8880
0.8852
0.8805
0.8779
0.8805
0.8852
0.8880
0.8888
0.8889
0.8889
0.8888
0.8879
0.8843
0.8768
0.8695
0.8687
0.8731
0.8759
0.8770
0.8804
0.8852
0.8880
0.8845
0.8846
0.8846
0.8800
0.8800
0.8800
0.8750
0.8750
0.8750
0.8750
0.8750
0.8750
0.8750
0.8750
0.8750
0.8750
0.8750
0.8750
0.8750
0.8750
0.8750
0.8749
0.8739
0.8698
0.8603
0.8480
0.8386
0.8344
0.8334
0.8260
0.8251
0.8215
0.8139
0.8013
0.7812
0.7556
0.7362
0.7313
0.7340
0.7337
0.7624
0.7478
0.7512
0.7582
0.7657
0.7738
0.7820
0.7895
0.7975
0.8045
0.7976
0.7936
0.7824
0.7676
0.7563
0.7514
0.7514
0.7563
0.7554
0.7709
0.7828
0.7868
0.7828
0.7709
0.7553
0.7422
0.7329
0.7249
0.7599
0.7582
0.7528
0.7419
0.7360
0.7433
0.7590
0.7723
0.7662
0.7721
0.7854
0.8028
0.8161
0.8220
0.8233
0.8222
0.8176
0.8101
0.8047
0.8029
0.7984
0.7913
0.7913
0.7984
0.8029
0.8047
0.8101
0.8176
0.8222
0.8234
0.8235
0.8235
0.8235
0.8235
0.8234
0.8220
0.8161
0.8028
0.7854
0.7721
0.7662
0.7648
0.7647
0.7647
0.7647
0.7647
0.7647
0.7647
0.7647
0.7647
0.7647
0.7647
0.7647
0.7647
0.7647
0.7647
0.7647
0.7647
0.7647
0.7647
0.7647
0.7648
0.7662
0.7721
0.7854
0.8028
0.8161
0.8219
0.8220
0.8175
0.8087
0.7989
0.7910
0.7869
0.7913
0.8028
0.8104
0.8086
0.8047
0.8043
0.8043
0.8047
0.8087
0.8116
0.8075
0.8001
0.7969
0.8004
0.8103
0.8249
0.8429
0.8615
0.8748
0.8795
0.8763
0.8690
0.8650
0.8690
0.8765
0.8810
0.8822
0.8824
0.8824
0.8824
0.8824
0.8824
0.8824
0.8824
0.8824
0.8824
0.8824
0.8824
0.8824
0.8824
0.8824
0.8824
0.8824
0.8824
0.8824
0.8824
0.8824
0.8824
0.8824
0.8824
0.8824
0.8824
0.8824
0.8824
0.8824
0.8822
0.8809
0.8750
0.8616
0.8443
0.8309
0.8249
0.8223
0.8176
0.8102
0.8061
0.8102
0.8176
0.8222
0.8234
0.8235
0.8235
0.8235
0.8237
0.8250
0.8308
0.8429
0.8556
0.8603
0.8575
0.8541
0.8517
0.8468
0.8367
0.8224
0.8061
0.7926
0.8344
0.8515
0.8609
0.8592
0.8564
0.8608
0.8687
0.8735
0.8749
0.8750
0.8750
0.8750
0.8750
0.8667
0.8665
0.8650
0.8584
0.8449
0.8319
0.8319
0.8449
0.8584
0.8650
0.8665
0.8667
0.8665
0.8650
0.8584
0.8446
0.8285
0.8151
0.7978
0.7705
0.7417
0.7215
0.7139
0.7184
0.7284
0.7402
0.7567
0.7765
0.7916
0.8560
0.8462
0.8462
0.8458
0.8422
0.8267
0.7905
0.7425
0.7115
0.7180
0.7267
0.7499
0.7523
0.7432
0.7313
0.7256
0.7321
0.7431
0.8002
0.8025
0.8126
0.8352
0.8646
0.8851
0.8874
0.8769
0.8679
0.8650
0.8573
0.8455
0.8306
0.8526
0.8752
0.8861
0.8886
0.8889
0.8889
0.8889
0.8889
0.8886
0.8863
0.8778
0.8467
0.8381
0.8467
0.8625
0.8718
0.8718
0.8625
0.8467
0.8381
0.8467
0.8625
0.8721
0.8747
0.8750
0.8750
0.8747
0.8716
0.8564
0.8175
