0.9474
0.9080
0.8893
0.8869
0.8910
0.8988
0.9004
0.8934
0.8842
0.8788
0.8768
0.8758
0.8769
0.8782
0.8740
0.8689
0.8619
0.8560
0.8510
0.8476
0.8600
0.8644
0.8659
0.8682
0.8709
0.8739
0.8826
0.8889
0.8890
0.8813
0.8712
0.8604
0.8505
0.8467
0.8460
0.8465
0.8445
0.8665
0.8836
0.8894
0.8837
0.8731
0.8736
0.8788
0.8837
0.8775
0.8618
0.8457
0.8393
0.8418
0.8448
0.8457
0.8458
0.8475
0.8541
0.8546
0.8559
0.8524
0.8586
0.8766
0.8890
0.8864
0.8719
0.8548
0.8376
0.8391
0.8571
0.8760
0.8848
0.8869
0.8860
0.8836
0.8804
0.8778
0.8839
0.8918
0.8960
0.8931
0.8886
0.8885
0.8980
0.9103
0.9194
0.9218
0.9129
0.9077
0.9136
0.9226
0.9267
0.9240
0.9176
0.9129
0.9047
0.8840
0.8550
0.8300
0.8321
0.8492
0.8649
0.8752
0.8873
0.9019
0.9138
0.9199
0.9241
0.9161
0.9063
0.9005
0.8989
0.8924
0.8865
0.8851
0.8905
0.8993
0.8999
0.8920
0.8762
0.8654
0.8643
0.8632
0.8635
0.8666
0.8587
0.8566
0.8597
0.8591
0.8627
0.8647
0.8693
0.8795
0.8920
0.8990
0.8990
0.9003
