0.8571
0.8342
0.8373
0.8478
0.8454
0.8317
0.8101
0.7868
0.7728
0.7713
0.7796
0.7936
0.8072
0.8148
0.8062
0.7828
0.7717
0.7909
0.8235
0.8462
0.8535
0.8498
0.8409
0.8360
0.8408
0.8482
0.8465
0.8317
0.8091
0.7860
0.7662
0.7592
0.7807
0.8112
0.8478
0.8500
0.8264
0.7981
0.7789
0.7694
0.7619
0.7537
0.7562
0.7789
0.8114
0.8347
0.8440
0.8460
0.8462
0.8462
0.8462
0.8462
0.8462
0.8462
0.8462
0.8462
0.8462
0.8462
0.8462
0.8460
0.8444
0.8385
0.8287
0.8234
0.8287
0.8385
0.8444
0.8460
0.8462
0.8462
0.8462
0.8462
0.8462
0.8462
0.8462
0.8462
0.8462
0.8462
0.8460
0.8444
0.8383
0.8269
0.8157
0.8113
0.8157
0.8268
0.8365
0.8365
0.8266
0.8139
0.8036
0.7983
0.8042
0.8208
0.8367
0.8442
0.8460
0.8462
0.8462
0.8462
0.8462
0.8462
0.8462
0.8462
0.8462
0.8462
0.8463
0.8479
0.8539
0.8636
0.8687
0.8616
0.8442
0.8208
0.7965
0.7789
0.7714
0.7715
0.7808
0.8058
0.8442
0.8767
0.8844
0.8711
0.8556
0.8481
0.8463
0.8462
0.8463
0.8479
0.8540
0.8654
0.8766
0.8812
0.8785
0.8750
0.8811
0.8978
0.9064
0.9145
0.9167
0.9091
0.9091
0.9091
0.9091
0.9091
0.9091
0.9091
0.9091
0.9091
0.9091
0.9089
0.9070
0.8998
0.8862
0.8708
0.8567
0.8434
0.8391
0.8546
0.8887
0.9297
0.9657
0.9882
0.9956
0.9907
0.9794
0.9731
0.9790
0.9865
0.9774
0.9474
0.9166
0.9113
0.9343
0.9627
0.9872
0.9975
0.9998
1.0000
1.0000
1.0000
1.0000
1.0000
0.9998
0.9975
0.9874
0.9648
0.9352
0.9126
0.9025
0.9002
0.8998
0.8977
0.8900
0.8773
0.8705
0.8773
0.8900
0.8977
0.8996
0.8975
0.8877
0.8673
0.8478
0.8478
0.8673
0.8874
0.8951
0.8898
0.8773
0.8705
0.8773
0.8900
0.8977
0.8998
0.8998
0.8975
0.8877
0.8673
0.8478
0.8478
0.8671
0.8853
0.8872
0.8748
0.8604
0.8547
0.8604
0.8750
0.8898
0.8977
0.8998
0.9000
0.9000
0.9000
0.9000
0.8998
0.8975
0.8874
0.9609
0.9283
0.9057
0.9054
0.9254
0.9472
0.9495
0.9366
0.9306
0.9385
0.9532
0.9692
0.9749
0.9609
0.9391
0.9309
0.9385
0.9535
0.9720
0.9884
0.9948
0.9884
0.9720
0.9535
0.9385
0.9309
0.9394
0.9634
0.9863
0.9972
0.9997
1.0000
1.0000
0.9997
0.9971
0.9875
0.9717
0.9631
0.9717
0.9872
0.9939
0.9848
0.9630
0.9299
0.9261
0.9244
0.9666
0.9948
