0.8293
0.8288
0.8279
0.8253
0.8080
0.8025
0.8246
0.8667
0.9004
0.9101
0.9065
0.9049
0.9109
0.9247
0.9387
0.9399
0.9245
0.9089
0.9003
0.8968
0.8933
0.8914
0.8947
0.9242
0.9271
0.9284
0.9309
0.9346
0.9384
0.9398
0.9364
0.9311
0.9285
0.9282
0.9279
0.9283
0.9297
0.9292
0.9262
0.9238
0.9228
0.9190
0.9096
0.8999
0.8995
0.9094
0.9177
0.9127
0.9055
0.9055
0.9134
0.9194
0.9194
0.9210
0.9289
0.9376
0.9403
0.9373
0.9327
0.9283
0.9231
0.9190
0.9185
0.9186
0.9244
0.9327
0.9386
0.9393
0.9363
0.9344
0.9357
0.9371
0.9357
0.9344
0.9364
0.9401
0.9429
0.9464
0.9529
0.9614
0.9678
0.9707
0.9714
0.9714
0.9714
0.9714
0.9714
0.9714
0.9708
0.9685
0.9642
0.9587
0.9511
0.9647
0.9632
0.9618
0.9639
0.9676
0.9699
0.9705
0.9706
0.9697
0.9697
0.9697
0.9697
0.9697
0.9696
0.9689
0.9651
0.9554
0.9409
0.9312
0.9349
0.9477
0.9552
0.9491
0.9331
0.9120
0.8844
0.8527
0.8327
0.8385
0.8569
0.8591
0.8597
0.8585
0.8502
0.8311
0.8423
0.8361
0.8352
0.8069
0.8046
0.8264
0.8408
0.8191
0.7619
0.7371
0.7613
0.7829
0.7940
