0.8384
0.8456
0.8575
0.8635
0.8609
0.8417
0.8372
0.8467
0.8586
0.8630
0.8524
0.8363
0.8278
0.8347
0.8489
0.8588
0.8634
0.8613
0.8603
0.8622
0.8660
0.8725
0.8790
0.8833
0.8827
0.8764
0.8689
0.8664
0.8681
0.8687
0.8682
0.8706
0.8766
0.8827
0.8855
0.8828
0.8793
0.8763
0.8721
0.8688
0.8639
0.8689
0.8677
0.8673
0.8660
0.8635
0.8618
0.8622
0.8628
0.8619
0.8714
0.8704
0.8701
0.8695
0.8672
0.8626
0.8579
0.8558
0.8562
0.8568
0.8568
0.8555
0.8526
0.8494
0.8490
0.8536
0.8610
0.8783
0.8814
0.8832
0.8830
0.8823
0.8786
0.8740
0.8717
0.8710
0.8680
0.8644
0.8631
0.8608
0.8659
0.8555
0.8521
0.8509
0.8188
0.8020
0.7683
0.7563
0.7564
0.7594
0.7690
