0.8125
0.8316
0.8237
0.8077
0.8072
0.8176
0.8157
0.7933
0.7726
0.7765
0.7965
0.8133
0.8221
0.8229
0.8068
0.8016
0.8001
0.8000
0.8000
0.8000
0.8000
0.7859
0.7874
0.7929
0.8019
0.8068
0.8019
0.7929
0.7874
0.7859
0.7692
0.7692
0.7692
0.7692
0.7692
0.7692
0.7692
0.7692
0.7692
0.7692
0.7692
0.7692
0.7694
0.7712
0.7789
0.7963
0.8191
0.8363
0.8424
0.8383
0.8287
0.8234
0.8287
0.8386
0.8463
0.8556
0.8731
0.8942
0.9057
0.9037
0.8998
0.9019
0.8979
0.8750
0.8427
0.8209
0.8177
0.8271
0.8383
0.8444
0.8460
0.8462
0.8462
0.8462
0.8460
0.8442
0.8367
0.8208
0.8040
0.7965
0.7959
0.7965
0.8040
0.8208
0.8367
0.8442
0.8460
0.8462
0.8462
0.8462
0.8462
0.8462
0.8462
0.8462
0.8462
0.8462
0.8462
0.8460
0.8444
0.8385
0.8287
0.8234
0.8287
0.8385
0.8444
0.8460
0.8462
0.8462
0.8462
0.8462
0.8462
0.8462
0.8462
0.8462
0.8462
0.8462
0.8462
0.8462
0.8462
0.8462
0.8462
0.8462
0.8462
0.8462
0.8462
0.8462
0.8462
0.8462
0.8462
0.8462
0.8462
0.8462
0.8462
0.8462
0.8462
0.8462
0.8462
0.8462
0.8462
0.8462
0.8462
0.8462
0.8462
0.8462
0.8462
0.8462
0.8462
0.8462
0.8462
0.8462
0.8462
0.8462
0.8460
0.8444
0.8383
0.8123
0.7982
0.7849
0.7691
0.7502
0.7330
0.7256
0.7311
0.7417
0.7481
0.7496
0.7481
0.7417
0.7311
0.7254
0.7309
0.7397
0.7395
0.7290
0.7170
0.7120
0.7153
0.7228
0.7311
0.7445
0.7658
0.7878
0.7999
0.7955
0.7795
0.7707
0.7815
0.8042
0.8227
0.8291
0.8227
0.8040
0.7795
0.7624
0.7606
0.7712
0.7851
0.7982
0.8123
0.8248
0.8314
0.8332
0.8333
0.8333
0.8333
0.8333
0.8333
0.8333
0.8333
0.8333
0.8333
0.8333
0.8333
0.8333
0.8333
0.8333
0.8333
0.8333
0.8333
0.8333
0.8333
0.8333
0.8333
0.8333
0.8333
0.8333
0.8333
0.8333
0.8332
0.8314
0.8250
0.8144
0.8087
0.8143
0.8231
0.8231
0.8141
0.8068
0.8061
0.8061
0.8066
0.8121
0.8147
0.8040
0.7877
0.7815
0.7872
0.7984
0.8123
0.8246
0.8295
0.8248
0.8143
0.8068
0.8061
0.8061
0.8068
0.8143
0.8250
0.8314
0.8333
0.8182
0.8182
0.8182
0.8182
0.8182
0.8182
0.8182
0.8182
0.8182
0.8182
0.8182
0.8182
0.8182
0.8182
0.8182
0.8182
0.8182
0.8182
0.8182
0.8182
0.8182
0.8182
0.8182
0.8182
0.8182
0.8182
0.8178
0.8138
0.7977
0.7655
0.7324
0.7181
0.7205
0.7254
0.7271
0.7273
0.7273
0.7273
0.7273
0.7273
0.7273
0.7273
0.7273
0.7273
0.7273
0.7271
0.7252
0.7182
0.7526
0.7133
0.6858
0.6097
0.6874
0.7495
0.7500
