0.8337
0.8300
0.8344
0.8364
0.8345
0.8357
0.8410
0.8459
0.8512
0.8537
0.8547
0.8493
0.8425
0.8407
0.8442
0.8506
0.8557
0.8587
0.8591
0.8583
0.8638
0.8649
0.8628
0.8670
0.8649
0.8633
0.8608
0.8585
0.8613
0.8703
0.8760
0.8796
0.8818
0.8843
0.8862
0.8894
0.8916
0.8914
0.8904
0.8880
0.8853
0.8835
0.8817
0.8781
0.8783
0.8744
0.8726
0.8747
0.8754
0.8755
0.8732
0.8732
0.8687
0.8654
0.8701
0.8730
0.8771
0.8750
0.8722
0.8717
0.8750
0.8800
0.8860
0.8885
0.8895
0.8912
0.8947
0.8987
0.9018
0.9048
0.9072
0.9094
0.9114
0.9125
0.9129
0.9129
0.9132
0.9132
0.9114
0.9073
0.9023
0.8987
0.8965
0.8960
0.8955
0.8973
0.9005
0.9027
0.9051
0.9072
0.9084
0.9084
0.9090
0.9118
0.9161
0.9179
0.9173
0.9150
0.9123
0.9094
0.9074
0.9096
0.9104
0.9117
0.9129
0.9136
0.9131
0.9118
0.9111
0.9122
0.9153
0.9186
0.9206
0.9217
0.9213
0.9203
0.9191
0.9185
0.9178
0.9164
0.9148
0.9143
0.9143
0.9138
0.9133
0.9136
0.9149
0.9166
0.9192
0.9235
0.9291
0.9335
0.9347
0.9334
0.9322
0.9332
0.9356
0.9363
0.9344
0.9322
0.9325
0.9341
0.9353
0.9388
0.9391
0.9377
0.9345
0.9303
0.9258
0.9218
0.9208
0.9202
0.9181
0.9144
0.9140
0.9130
0.9134
0.9147
0.9150
0.9136
0.9110
0.9081
0.9059
0.9049
0.9052
0.9076
0.9112
0.9135
0.9138
0.9137
0.9145
0.9158
0.9155
0.9133
0.9113
0.9102
0.9088
0.9090
0.9076
0.9079
0.9106
0.9124
0.9104
0.9080
0.9087
0.9122
0.9165
0.9204
0.9239
0.9267
0.9285
0.9297
0.9318
0.9340
0.9351
0.9351
0.9350
0.9348
0.9342
0.9328
0.9302
0.9277
0.9273
0.9280
0.9281
0.9272
0.9273
0.9286
0.9284
0.9237
0.9152
0.9065
0.9042
0.9042
0.9047
0.9045
0.9088
0.9106
0.9165
0.9187
0.9240
0.9258
0.9264
0.9245
0.9239
0.9244
0.9234
0.9265
0.9266
0.9267
0.9278
0.9302
0.9324
0.9335
0.9336
0.9317
0.9280
0.9245
0.9230
0.9229
0.9235
0.9247
0.9266
0.9276
0.9259
0.9256
0.9248
0.9263
0.9292
0.9321
0.9322
0.9279
0.9236
0.9175
0.9131
0.9115
0.9123
0.9151
0.9192
0.9228
0.9241
0.9225
0.9194
0.9152
0.9109
0.9071
0.9045
0.9035
0.9064
0.9058
0.9072
0.9087
0.9085
0.9090
0.9060
0.9036
0.9032
0.9066
0.9067
0.9049
0.9026
0.9013
0.9028
0.9067
0.9104
0.9122
0.9117
0.9089
0.9049
0.9065
0.9029
0.9000
0.9002
0.9023
0.9032
0.9015
0.8984
0.8949
0.8936
0.8947
0.8960
0.8950
0.8954
0.8985
0.9035
0.9074
0.9083
0.9065
0.9099
0.9107
0.9124
0.9137
0.9139
0.9176
0.9160
0.9152
0.9144
0.9125
0.9106
0.9104
0.9125
0.9149
0.9192
0.9182
0.9163
0.9108
0.9077
0.9059
0.9054
0.9081
0.9013
0.8884
0.8811
0.8696
0.8641
