0.8140
0.8118
0.8200
0.8293
0.8629
0.8861
0.8975
0.9116
0.9386
0.9685
0.9843
0.9813
0.9721
0.9677
0.9691
0.9728
0.9757
0.9721
0.9582
0.9419
0.9614
0.9690
0.9720
0.9712
0.9702
0.9727
0.9798
0.9890
0.9960
0.9985
0.9968
0.9926
0.9897
0.9894
0.9886
0.9857
0.9813
0.9759
0.9710
0.9685
0.9678
0.9677
0.9677
0.9677
0.9670
0.9634
0.9600
0.9610
0.9709
0.9849
0.9950
0.9991
0.9999
0.9991
0.9950
0.9845
0.9982
0.9915
0.9774
0.9632
0.9605
0.9696
0.9813
0.9904
0.9964
0.9992
0.9999
0.9999
0.9992
0.9965
0.9922
0.9897
0.9914
0.9931
0.9914
0.9897
0.9922
0.9965
0.9991
0.9990
0.9957
0.9887
0.9820
0.9820
0.9887
0.9949
0.9957
0.9921
0.9897
0.9913
0.9922
0.9871
0.9776
0.9698
0.9656
0.9621
0.9568
0.9510
0.9456
0.9406
0.9389
0.9440
0.9534
0.9612
0.9645
0.9638
0.9577
0.9448
0.9296
0.9205
0.9217
0.9303
0.9378
0.9391
0.9357
0.9376
0.9400
0.9402
0.9405
0.9438
0.9512
0.9545
0.9593
0.9621
0.9629
0.9630
0.9630
0.9630
0.9630
0.9630
0.9630
0.9630
0.9630
0.9630
0.9630
0.9630
0.9629
0.9621
0.9594
0.9556
0.9549
0.9576
0.9518
0.9453
0.9394
0.9337
0.9309
0.9337
0.9394
0.9452
0.9501
0.9499
0.9432
0.9387
0.9441
0.9538
0.9597
0.9614
0.9615
0.9615
0.9615
0.9615
0.9615
0.9606
0.9577
0.9528
0.9501
0.9519
0.9538
0.9510
0.9440
0.9409
0.9401
0.9400
0.9401
0.9409
0.9416
0.9434
0.9412
0.9248
0.8990
0.8751
0.8576
0.8470
0.8469
0.8554
0.8642
0.8685
0.8696
0.8707
0.8749
0.8839
0.8934
0.8977
0.8991
0.9031
0.9086
0.9110
0.9085
0.9019
0.8925
0.8766
0.8827
0.8613
0.8331
0.8055
0.7841
0.8124
0.8144
0.8562
0.8936
0.8969
0.9144
