0.7407
0.8546
0.8935
0.8890
0.8604
0.8494
0.8527
0.8580
0.8680
0.8923
0.9246
0.9482
0.9579
0.9591
0.9625
0.9678
0.9707
0.9687
0.9666
0.9678
0.9665
0.9571
0.9429
0.9248
0.8986
0.9046
0.9043
0.9099
0.9173
0.9261
0.9316
0.9273
0.9198
0.9192
0.9195
0.9177
0.9464
0.9512
0.9498
0.9488
0.9450
0.9387
0.9352
0.9387
0.9450
0.9488
0.9499
0.9500
0.9500
0.9500
0.9500
0.9500
0.9500
0.9500
0.9500
0.9500
0.9500
0.9500
0.9499
0.9488
0.9450
0.9386
0.9340
0.9324
0.9274
0.9164
0.9062
0.9013
0.9001
0.9000
0.9000
0.9000
0.8999
0.8987
0.8936
0.8812
0.8628
0.8465
0.8416
0.8422
0.8421
0.8421
0.8421
0.8421
0.8421
0.8421
0.8421
0.8421
0.8421
0.8421
0.8421
0.8421
0.8421
0.8420
0.8409
0.8368
0.8302
0.8266
0.8301
0.8356
0.8358
0.8317
0.8319
0.8333
0.8235
0.8234
0.8222
0.8176
0.8102
0.8061
0.8102
0.8176
0.8222
0.8234
0.8234
0.8220
0.8160
0.8016
0.7812
0.7679
0.7755
0.7905
0.8032
0.8045
0.7967
0.7876
0.7826
0.7801
0.7764
0.7735
0.7635
0.7762
0.7817
0.7666
0.7349
0.7067
0.6985
0.7033
0.7018
0.6902
0.6833
0.6918
0.7100
0.7250
0.7315
0.7316
0.7267
0.7184
0.7150
0.7233
0.7351
0.7364
0.7286
0.7249
0.7282
0.7319
0.7332
0.7333
0.7332
0.7316
0.7251
0.7624
0.7484
0.7483
0.7607
0.7698
0.7677
0.7645
0.7694
0.7769
0.7769
0.7694
0.7646
0.7695
0.7786
0.7841
0.7854
0.7841
0.7786
0.7695
0.7646
0.7695
0.7786
0.7841
0.7856
0.7857
0.7857
0.7857
0.7857
0.7857
0.7857
0.7857
0.7857
0.7857
0.7857
0.7857
0.7857
0.7857
0.7857
0.7857
0.7857
0.7857
0.7857
0.7857
0.7857
0.7857
0.7857
0.7857
0.7857
0.7857
0.7857
0.7857
0.7857
0.7857
0.7857
0.7857
0.7856
0.7839
0.7769
0.7624
0.7484
0.7484
0.7624
0.7769
0.7839
0.7856
0.7857
0.7857
0.7856
0.7841
0.7786
0.7695
0.7646
0.7695
0.7786
0.7841
0.7856
0.7857
0.7857
0.7857
0.7857
0.7857
0.7857
0.7857
0.7857
0.7857
0.7857
0.7857
0.7857
0.7857
0.7857
0.7857
0.7857
0.7857
0.7857
0.7857
0.7857
0.7857
0.7857
0.7857
0.7857
0.7857
0.7857
0.7857
0.7857
0.7857
0.7857
0.7857
0.7857
0.7857
0.7857
0.7857
0.7857
0.7857
0.7857
0.7857
0.7857
0.7857
0.7856
0.7841
0.7786
0.7695
0.7646
0.7695
0.7784
0.7824
0.7783
0.7679
0.7575
0.7533
0.7575
0.7679
0.7784
0.7841
0.7856
0.7856
0.7841
0.7786
0.7695
0.7646
0.7695
0.7784
0.7822
0.7767
0.7624
0.7483
0.7468
0.7551
0.7590
0.7555
0.7515
0.7502
0.7497
0.7293
0.7072
0.6911
0.6837
0.6801
0.6732
0.6587
0.6977
0.7775
0.7500
0.7143
