0.9333
0.9269
0.9153
0.9069
0.8981
0.8897
0.8891
0.8912
0.8990
0.9024
0.9018
0.8999
0.8976
0.8966
0.8961
0.8951
0.8940
0.8907
0.8871
0.8828
0.8844
0.8851
0.8869
0.8887
0.8904
0.8902
0.8883
0.8863
0.8855
0.8841
0.8817
0.8784
0.8759
0.8754
0.8750
0.8731
0.8697
0.8668
0.8661
0.8661
0.8669
0.8676
0.8671
0.8649
0.8616
0.8584
0.8580
0.8603
0.8637
0.8690
0.8713
0.8739
0.8759
0.8759
0.8767
0.8754
0.8739
0.8720
0.8717
0.8702
0.8684
0.8659
0.8634
0.8618
0.8596
0.8600
0.8616
0.8672
0.8741
0.8808
0.8877
0.8939
0.8975
0.8987
0.8984
0.8977
0.8959
0.8924
0.8877
0.8856
0.8853
0.8844
0.8825
0.8793
0.8750
0.8690
0.8637
0.8632
0.8669
0.8682
0.8675
0.8671
0.8651
0.8661
0.8686
0.8728
0.8748
0.8771
0.8794
0.8811
0.8820
0.8826
0.8828
0.8830
0.8837
0.8847
0.8865
0.8899
0.8956
0.9019
0.9062
0.9074
0.9087
0.9132
0.9156
0.9162
0.9153
0.9134
0.9117
0.9099
0.9080
0.9067
0.9069
0.9066
0.9055
0.9043
0.9053
0.9077
0.9073
0.9048
0.9018
0.9023
0.9045
0.9058
0.9045
0.9041
0.9032
0.9024
0.9005
0.8980
0.8956
0.8934
0.8946
0.8947
0.8948
0.8946
0.8941
0.8932
0.8910
0.8880
0.8848
0.8812
0.8798
0.8802
0.8829
0.8849
0.8835
0.8849
0.8831
0.8798
0.8760
0.8734
0.8717
0.8704
0.8713
0.8732
0.8748
0.8750
0.8724
0.8683
0.8660
0.8665
0.8680
0.8697
0.8724
0.8758
0.8789
0.8801
0.8786
0.8776
0.8764
0.8768
0.8763
0.8736
0.8704
0.8707
0.8711
0.8710
0.8700
0.8680
0.8660
0.8647
0.8628
0.8598
0.8573
0.8555
0.8561
0.8581
0.8596
0.8591
0.8576
0.8569
0.8570
0.8612
0.8630
0.8652
0.8671
0.8678
0.8677
0.8666
0.8682
0.8680
0.8664
0.8637
0.8621
0.8637
0.8676
0.8708
0.8719
0.8709
0.8681
0.8649
0.8623
0.8606
0.8601
0.8604
0.8617
0.8620
0.8602
0.8570
0.8550
0.8564
0.8599
0.8643
0.8675
0.8686
0.8688
0.8673
0.8640
0.8628
0.8581
0.8556
0.8524
0.8521
0.8512
0.8523
0.8541
0.8550
0.8548
0.8516
0.8477
0.8457
0.8453
0.8461
0.8474
0.8482
0.8482
0.8480
0.8483
0.8492
0.8504
0.8520
0.8544
0.8576
0.8599
0.8599
0.8578
0.8566
0.8557
0.8564
0.8584
0.8610
0.8642
0.8662
0.8680
0.8699
0.8713
0.8729
0.8748
0.8759
0.8761
0.8755
0.8752
0.8742
0.8718
0.8692
0.8662
0.8643
0.8626
0.8612
0.8583
0.8554
0.8532
0.8551
0.8573
0.8591
0.8618
0.8636
0.8629
0.8638
0.8626
0.8675
0.8711
0.8750
0.8765
0.8780
0.8759
0.8733
0.8720
0.8714
0.8699
0.8681
0.8684
0.8697
0.8703
0.8713
0.8741
0.8810
0.8836
0.8833
0.8823
0.8814
0.8826
0.8848
0.8896
0.8891
0.8886
0.8896
0.8918
0.8939
0.8948
0.8941
0.8909
0.8884
0.8918
0.8937
0.8953
0.8946
0.8973
0.8939
0.8947
0.8852
0.8815
0.8728
0.8797
0.8780
0.8710
0.8579
0.8482
0.8359
0.8340
0.8079
0.8032
0.8048
0.8085
0.7970
