0.8148
0.7882
0.7834
0.8009
0.8317
0.8503
0.8342
0.7927
0.7592
0.7523
0.7639
0.7802
0.7873
0.7978
0.7962
0.7794
0.7530
0.7270
0.6971
0.6902
0.6952
0.7069
0.7189
0.7268
0.7239
0.6907
0.6582
0.6412
0.6542
0.6823
0.7054
0.7217
0.7351
0.7438
0.7448
0.7405
0.7377
0.7406
0.7457
0.7481
0.7459
0.7427
0.7481
0.7599
0.7911
0.8141
0.8228
0.8215
0.8152
0.8382
0.8342
0.8311
0.8224
0.8035
0.7788
0.7583
0.7504
0.7576
0.7689
0.7727
0.7836
0.7938
0.7881
0.7895
0.7907
0.7949
0.8027
0.8115
0.8187
0.8236
0.8247
0.8241
0.8246
0.8223
0.8135
0.7997
0.7768
0.7777
0.7918
0.8070
0.8136
0.8156
0.8220
0.8347
0.8516
0.8692
0.8819
0.8875
0.8886
0.8876
0.8833
0.8763
0.8725
0.8763
0.8833
0.8876
0.8888
0.8888
0.8876
0.8833
0.8763
0.8725
0.8763
0.8765
0.8810
0.8821
0.8735
0.8687
0.8608
0.8565
0.8608
0.8687
0.8735
0.8749
0.8750
0.8750
0.8750
0.8750
0.8750
0.8750
0.8750
0.8750
0.8750
0.8750
0.8750
0.8749
0.8735
0.8687
0.8607
0.8549
0.8530
0.8467
0.8331
0.8202
0.8141
0.8126
0.8125
0.8125
0.8125
0.8125
0.8124
0.8110
0.8062
0.7983
0.7940
0.7983
0.8062
0.8110
0.8124
0.8125
0.8125
0.8125
0.8125
0.8125
0.8125
0.8125
0.8125
0.8125
0.8125
0.8125
0.8125
0.8125
0.8125
0.8125
0.8125
0.8125
0.8125
0.8125
0.8125
0.8126
0.8141
0.8203
0.8345
0.8528
0.8657
0.8672
0.8607
0.8565
0.8608
0.8687
0.8734
0.8733
0.8672
0.8531
0.8361
0.8281
0.8347
0.8471
0.8549
0.8619
0.8667
0.8667
0.8667
0.8667
0.8667
0.8667
0.8667
0.8667
0.8667
0.8667
0.8667
0.8667
0.8667
0.8667
0.8667
0.8667
0.8667
0.8667
0.8667
0.8667
0.8667
0.8667
0.8667
0.8665
0.8555
0.8500
0.8408
0.8342
0.8320
0.8250
0.8110
0.8035
0.8127
0.8321
0.8482
0.8552
0.8550
0.8347
0.8115
0.7791
0.7525
0.7778
