0.8824
0.8761
0.8738
0.8746
0.8730
0.8710
0.8631
0.8487
0.8351
0.8242
0.8249
0.8351
0.8504
0.8624
0.8673
0.8664
0.8642
0.8651
0.8798
0.9008
0.9162
0.9246
0.9306
0.9307
0.9249
0.9121
0.8995
0.8877
0.8704
0.8454
0.8306
0.8514
0.8581
0.8657
0.8650
0.8600
0.8594
0.8643
0.8769
0.8851
0.8851
0.8866
0.8887
0.8909
0.8890
0.8964
0.9000
0.8892
0.8816
0.8835
0.8930
0.9031
0.9043
0.8937
0.8736
0.8412
0.8371
0.8340
0.8420
0.8523
0.8539
0.8442
0.8263
0.8266
0.8132
0.8252
0.8119
0.8027
0.7967
0.7938
0.7917
0.7869
0.7800
0.7754
0.7720
0.7632
0.7526
0.7523
0.7541
0.7682
0.7973
0.8188
0.8436
0.8444
0.8360
0.8004
