0.8333
0.8824
0.8928
0.8819
0.8752
0.8703
0.8490
0.8183
0.7828
0.7622
0.7240
0.7049
0.7097
0.7223
0.7251
0.7397
0.7552
0.7547
0.7505
0.7666
0.7978
0.8189
0.8180
0.8031
0.7956
0.8115
0.8432
0.8703
0.8779
0.8665
0.8535
0.8514
0.8516
0.8401
0.8167
0.7933
0.7820
0.7850
0.7933
0.7984
0.7999
0.8000
0.8000
0.8000
0.8000
0.8000
0.8000
0.8001
0.8017
0.8084
0.8235
0.8320
0.8482
0.8553
0.8570
0.8570
0.8555
0.8500
0.8409
0.8360
0.8409
0.8500
0.8555
0.8570
0.8571
0.8571
0.8571
0.8571
0.8571
0.8571
0.8571
0.8571
0.8571
0.8570
0.8553
0.8482
0.8320
0.8109
0.7947
0.7875
0.7859
0.7857
0.7857
0.7692
0.7692
0.7692
0.7692
0.7692
0.7692
0.7692
0.7692
0.7692
0.7692
0.7692
0.7692
0.7692
0.7692
0.7692
0.7692
0.7692
0.7692
0.7692
0.7692
0.7694
0.7712
0.7789
0.7962
0.8173
0.8286
0.8248
0.8136
0.8016
0.7885
0.7753
0.7633
0.7520
0.7463
0.7500
0.7537
0.7480
0.7370
0.7283
0.7274
0.7390
0.7587
0.7798
0.7997
0.8130
0.8198
0.8284
0.8385
0.8442
0.8440
0.8367
0.8210
0.8058
0.8042
0.8131
0.8173
0.8120
0.8034
0.7983
0.8040
0.8191
0.8290
0.8268
0.8233
0.8287
0.8385
0.8450
0.8333
0.8332
0.8314
0.8250
0.8144
0.8087
0.8143
0.8068
0.8047
0.7862
0.7378
0.7251
0.7378
0.7648
0.7851
0.7872
0.7748
0.7604
0.7542
0.7558
0.7550
0.7444
0.7386
0.7542
0.7774
0.7830
0.7669
0.7478
0.7478
0.7673
0.7877
0.7975
0.7998
0.8000
0.8000
0.7998
0.7977
0.7903
0.7804
0.7806
0.7778
0.7778
0.7778
0.7775
0.7750
0.7638
0.7386
0.7058
0.6806
0.6695
0.6669
0.6667
0.6667
0.6667
0.6667
0.6667
0.6667
0.6669
0.6695
0.6806
0.7060
0.7415
0.7775
0.8113
0.8356
0.8358
0.8141
0.7915
0.7806
0.7780
0.7778
0.7778
0.7778
0.7778
0.7778
0.7778
0.7778
0.8750
0.8750
0.8747
0.8721
0.8625
0.8467
0.8381
0.8464
0.8596
0.8596
0.8464
0.8381
0.8467
0.8625
0.8721
0.8747
0.8747
0.8721
0.8625
0.8464
0.8352
0.8341
0.8341
0.8352
0.8464
0.8625
0.8721
0.8747
0.8750
0.8750
0.8568
0.8533
0.8359
0.7914
0.8333
0.8333
0.8333
0.8333
0.8000
