0.8364
0.8195
0.8108
0.8042
0.7987
0.8008
0.8282
0.8386
0.8360
0.8368
0.8143
0.7914
0.7826
0.8105
0.8331
0.8391
0.8307
0.8229
0.8181
0.8097
0.8057
0.8056
0.8092
0.8118
0.8078
0.8096
0.8193
0.8376
0.8553
0.8642
0.8644
0.8627
0.8682
0.8830
0.8955
0.9010
0.8967
0.8864
0.8721
0.8590
0.8538
0.8559
0.8601
0.8614
0.8656
0.8672
0.8648
0.8614
0.8609
0.8635
0.8684
0.8737
0.8768
0.8782
0.8800
0.8833
0.8866
0.8883
0.8883
0.8866
0.8828
0.8773
0.8710
0.8657
0.8576
0.8587
0.8600
0.8604
0.8605
0.8605
0.8605
0.8605
0.8605
0.8605
0.8605
0.8605
0.8605
0.8605
0.8605
0.8605
0.8605
0.8604
0.8600
0.8587
0.8575
0.8588
0.8615
0.8572
0.8506
0.8422
0.8357
0.8304
0.8226
0.8126
0.8061
0.8077
0.8150
0.8220
0.8249
0.8256
0.8273
0.8286
0.8274
0.8262
0.8279
0.8310
0.8327
0.8327
0.8309
0.8274
0.8245
0.8249
0.8293
0.8345
0.8369
0.8382
0.8422
0.8482
0.8512
0.8488
0.8447
0.8447
0.8494
0.8542
0.8530
0.8536
0.8530
0.8507
0.8457
0.8409
0.8409
0.8456
0.8501
0.8506
0.8481
0.8465
0.8481
0.8512
0.8525
0.8505
0.8450
0.8373
0.8298
0.8237
0.8191
0.8158
0.8141
0.8160
0.8212
0.8263
0.8286
0.8292
0.8293
0.8292
0.8286
0.8262
0.8207
0.8135
0.8080
0.8061
0.8079
0.8129
0.8182
0.8200
0.8178
0.8121
0.8036
0.7971
0.7989
0.8072
0.8160
0.8224
0.8255
0.8226
0.8120
0.7977
0.7866
0.7815
0.8001
0.8000
0.8001
0.8007
0.8037
0.8107
0.8188
0.8210
0.8162
0.8100
0.8030
0.7919
0.7819
0.7987
0.8139
0.8213
0.8191
0.8120
0.8034
0.7956
0.7904
0.7912
0.8007
0.8146
0.8230
0.8192
0.8056
0.7911
0.7848
0.7871
0.7918
0.7948
0.7967
0.7975
0.7934
0.7839
0.7756
0.7967
0.8080
0.8228
0.8314
0.8273
0.8123
0.8092
0.7986
0.7947
0.8008
0.8145
0.8264
0.8319
0.8332
0.8333
0.8333
0.8333
0.8327
0.8306
0.8270
0.8251
0.8270
0.8306
0.8326
0.8326
0.8298
0.8235
0.8153
0.8090
0.8062
0.8048
0.8250
0.8185
0.8101
0.8043
0.8044
0.8109
0.8220
0.8352
0.8495
0.8611
0.8646
0.8587
0.8473
0.8419
0.8469
0.8546
0.8542
0.8425
0.8281
0.8205
0.8178
0.8132
0.8066
0.8009
0.7939
0.7855
0.7816
0.7838
0.7847
0.7800
0.7767
0.7808
0.7882
0.7930
0.7878
0.7879
0.7879
0.7886
0.7917
0.7986
0.8075
0.8144
0.8174
0.8181
0.8182
0.8182
0.8190
0.8220
0.8288
0.8370
0.8402
0.8340
0.8219
0.8130
0.8113
0.8114
0.8068
0.7985
0.7917
0.7886
0.7813
0.7812
0.7809
0.8017
0.8087
0.8056
0.8001
0.7999
0.8033
0.8056
0.8055
0.8017
0.7917
0.7768
0.7631
0.7571
0.7633
0.7797
0.7959
0.7974
0.7973
0.7886
0.7983
0.7854
0.7808
0.7945
0.7911
0.7907
0.7974
0.8119
0.8134
