0.9405
0.9283
0.9193
0.9152
0.9173
0.9201
0.9224
0.9223
0.9323
0.9284
0.9245
0.9184
0.9116
0.9052
0.8977
0.8857
0.8862
0.8853
0.8806
0.8781
0.8794
0.8840
0.8851
0.8843
0.8846
0.8873
0.8903
0.8899
0.8894
0.8869
0.8816
0.8784
0.8760
0.8773
0.8829
0.8916
0.8993
0.9054
0.9107
0.9142
0.9131
0.9098
0.9067
0.9061
0.9047
0.9017
0.8979
0.8907
0.8755
0.8681
0.8676
0.8722
0.8719
0.8763
0.8808
0.8878
0.8925
0.8931
0.8917
0.8935
0.8986
0.8969
0.9029
0.8934
0.8849
0.8886
0.8988
0.9016
0.9060
0.9066
0.9041
0.8963
0.8863
0.8700
0.8443
0.8231
0.8072
0.8054
0.8081
0.8106
0.8446
0.8483
0.8394
0.8677
0.8750
0.8777
0.8794
0.8653
0.8462
0.8211
0.8160
0.8291
0.8464
0.8451
