0.7500
0.8423
0.8702
0.8330
0.8213
0.8154
0.8079
0.7801
0.7778
0.7752
0.7671
0.7560
0.7565
0.7529
0.7625
0.7783
0.7867
0.7754
0.7500
0.7246
0.7133
0.7217
0.7375
0.7471
0.7497
0.7497
0.7468
0.7346
0.7091
0.6844
0.6818
0.6533
0.6643
0.6681
0.6779
0.6824
0.6643
0.6391
0.6364
0.6533
0.6643
0.6684
0.6816
0.7000
0.7110
0.7140
0.7143
0.7143
0.7143
0.7146
0.7179
0.7319
0.7610
0.7889
0.7889
0.7610
0.7316
0.7146
0.7003
0.6819
0.6721
0.6819
0.7000
0.7110
0.7140
0.7143
0.7143
0.7143
0.7140
0.7110
0.6997
0.6786
0.6575
0.7539
0.7504
0.7500
0.7504
0.7539
0.7670
0.7917
0.8163
0.8291
0.8287
0.8128
0.7785
0.7424
0.7296
0.7411
0.7635
0.7909
0.8124
0.8128
0.7952
0.7837
0.7913
0.7961
0.7750
0.7459
0.7463
0.7789
0.8128
0.8291
0.8330
0.8333
0.8333
0.8333
0.8333
0.8333
0.8333
0.8333
0.8333
0.8333
0.8333
0.8333
0.8333
0.8330
0.8295
0.8167
0.7955
0.7841
0.7955
0.8167
0.8295
0.8330
0.8333
0.8333
0.8330
0.8291
0.8128
0.7789
0.7463
0.7463
0.7789
0.8128
0.8291
0.8330
0.8333
0.8333
0.8333
0.8333
0.8333
0.8333
0.8333
0.8333
0.8333
0.8333
0.8333
0.8333
0.8333
0.8333
0.8333
0.8333
0.8333
0.8000
0.8000
0.8000
0.8000
0.8000
0.8000
0.8000
0.8000
0.8000
0.8000
0.8000
0.8000
0.8000
0.8000
0.8000
0.8000
0.8000
0.8000
0.8000
0.8000
0.9995
0.9942
0.9750
0.9433
0.9261
0.9428
0.9686
0.9628
0.9119
0.8444
0.8122
0.8386
0.8875
0.9119
0.9217
0.9244
0.9666
0.9922
0.9993
1.0000
1.0000
1.0000
1.0000
1.0000
1.0000
1.0000
1.0000
1.0000
0.9993
0.9915
0.9582
0.8826
0.7841
0.7085
0.6751
0.6674
0.6667
0.6667
0.6667
0.6667
1.0000
1.0000
