0.8776
0.8426
0.8309
0.8395
0.8522
0.8524
0.8409
0.8236
0.8057
0.7914
0.7834
0.7962
0.8216
0.8489
0.8649
0.8688
0.8655
0.8578
0.8469
0.8373
0.8336
0.8312
0.8286
0.8301
0.8359
0.8432
0.8546
0.8711
0.8841
0.8903
0.8975
0.9078
0.9152
0.9178
0.9188
0.9189
0.9189
0.9201
0.9195
0.9153
0.9130
0.9188
0.9299
0.9369
0.9386
0.9363
0.9363
0.9387
0.9381
0.9331
0.9271
0.9207
0.9114
0.9023
0.9030
0.9058
0.9015
0.8921
0.8841
0.8815
0.8832
0.8866
0.8897
0.8891
0.8826
0.8764
0.8776
0.8833
0.8846
0.8795
0.8724
0.8666
0.8636
0.8621
0.8570
0.8463
0.8365
0.8360
0.8442
0.8532
0.8578
0.8595
0.8615
0.8642
0.8640
0.8595
0.8560
0.8575
0.8566
0.8568
0.8564
0.8580
0.8618
0.8657
0.8678
0.8684
0.8684
0.8684
0.8684
0.8684
0.8684
0.8684
0.8684
0.8678
0.8657
0.8618
0.8580
0.8556
0.8521
0.8405
0.8369
0.8213
0.8120
0.8121
0.8158
0.8161
0.8114
0.8075
0.8081
0.8073
0.8245
0.8222
0.8277
0.8370
0.8443
0.8451
0.8498
0.8528
0.8501
0.8413
0.8337
0.8346
0.8383
0.8287
0.8357
0.8339
0.8328
0.8309
0.8289
0.8289
0.8316
0.8358
0.8408
0.8447
0.8447
0.8415
0.8395
0.8416
0.8455
0.8485
0.8515
0.8561
0.8612
0.8660
0.8711
0.8750
0.8751
0.8718
0.8691
0.8682
0.8659
0.8623
0.8629
0.8689
0.8751
0.8780
0.8787
0.8788
0.8788
0.8788
0.8788
0.8787
0.8781
0.8758
0.8719
0.8658
0.8679
0.8719
0.8743
0.8749
0.8749
0.8743
0.8718
0.8672
0.8626
0.8601
0.8595
0.8601
0.8626
0.8671
0.8711
0.8711
0.8678
0.8658
0.8679
0.8719
0.8743
0.8750
0.8710
0.8708
0.8693
0.8629
0.8491
0.8340
0.8299
0.8396
0.8525
0.8588
0.8605
0.8636
0.8677
0.8702
0.8709
0.8710
0.8709
0.8701
0.8669
0.8596
0.8501
0.8435
0.8428
0.8469
0.8523
0.8574
0.8628
0.8677
0.8702
0.8709
0.8710
0.8709
0.8702
0.8677
0.8637
0.8614
0.8637
0.8677
0.8701
0.8701
0.8677
0.8637
0.8614
0.8637
0.8677
0.8702
0.8709
0.8710
0.8710
0.8710
0.8709
0.8702
0.8677
0.8637
0.8614
0.8629
0.8645
0.8629
0.8614
0.8637
0.8677
0.8702
0.8708
0.8701
0.8670
0.8604
0.8541
0.8541
0.8604
0.8670
0.8701
0.8709
0.8710
0.8710
0.8710
0.8710
0.8710
0.8710
0.8710
0.9008
0.9042
0.9117
0.9216
0.9291
0.9324
0.9325
0.9300
0.9258
0.9233
0.9241
0.9217
0.9098
0.8934
0.8827
0.8791
0.8786
0.8817
0.8890
0.8959
0.8992
0.8999
0.9000
0.9000
0.9000
0.9000
0.9001
0.9008
0.9042
0.9116
0.9200
0.9225
0.9174
0.9135
0.9174
0.9233
0.9242
0.9233
0.9258
0.9300
0.9324
0.9316
0.9250
0.9098
0.8902
0.8750
0.8683
0.8660
0.8633
0.8583
0.8535
0.8515
0.8527
0.8550
0.8557
0.8560
0.8590
0.8625
0.8618
0.8557
0.8492
0.8485
0.8524
0.8550
0.8560
0.8590
0.8633
0.8658
0.8657
0.8625
0.8549
0.8451
0.8384
0.8383
0.8443
0.8510
0.8532
0.8559
0.8685
0.8871
0.8977
0.8949
0.8847
0.8770
0.8773
0.8835
0.8909
0.8964
0.8984
0.8957
0.8846
0.8760
0.8658
0.8789
0.8999
0.9166
0.9240
0.9257
0.9250
0.9212
0.9121
0.8992
0.8898
0.8919
0.9045
0.9166
0.9195
0.9127
0.9019
0.8935
0.8898
0.8890
0.8889
0.8889
0.8889
0.8889
0.8889
0.8889
0.8889
0.8890
0.8898
0.8935
0.9010
0.9083
0.9092
0.9056
0.9065
0.9138
0.9214
0.9250
0.9258
0.9258
0.9251
0.9221
0.9166
0.9103
0.9044
0.8973
0.8880
0.8766
0.8641
0.8526
0.8426
0.8326
0.8220
0.8133
0.8423
0.8480
0.8590
0.8720
0.8846
0.8973
0.9104
0.9230
0.9347
0.9431
0.9432
0.9356
0.9279
0.9220
0.9250
0.9331
0.9410
0.9418
0.9372
0.9350
0.9379
0.9432
0.9498
0.9549
0.9540
0.9449
0.9301
0.9159
0.9087
0.9098
0.9511
0.9479
0.9341
0.9190
0.9124
0.9127
0.9093
0.9723
0.9538
0.9333
0.9230
0.9291
