0.8837
0.8206
0.7813
0.7734
0.7799
0.7830
0.7766
0.7689
0.7699
0.7833
0.8073
0.8273
0.8399
0.8404
0.8388
0.8397
0.8421
0.8463
0.8525
0.8559
0.8526
0.8688
0.8698
0.8791
0.8899
0.8948
0.8952
0.8955
0.8934
0.8865
0.8859
0.8901
0.8957
0.9058
0.9151
0.9191
0.9176
0.9111
0.9007
0.8890
0.8790
0.8711
0.8678
0.8741
0.8836
0.8958
0.9011
0.8995
0.8957
0.8908
0.8835
0.8750
0.8666
0.8606
0.8606
0.8666
0.8743
0.8799
0.8798
0.8730
0.8656
0.8615
0.8614
0.8666
0.8728
0.8756
0.8765
0.8792
0.8836
0.8886
0.8957
0.9042
0.9107
0.9136
0.9143
0.9118
0.9117
0.9110
0.9081
0.9015
0.8933
0.8882
0.8862
0.8822
0.8774
0.8802
0.8917
0.9008
0.8998
0.8918
0.8823
0.8985
0.8865
0.8757
0.8706
0.8720
0.8765
0.8818
0.8886
0.8940
0.8923
0.8849
0.8804
0.8817
0.8835
0.8849
0.8901
0.8985
0.9053
0.9083
0.9090
0.9091
0.9091
0.9091
0.9091
0.9091
0.9091
0.9091
0.9091
0.9091
0.9091
0.9091
0.9091
0.9091
0.9091
0.9091
0.9091
0.9091
0.9092
0.9097
0.9115
0.9138
0.9159
0.9207
0.9289
0.9311
0.9289
0.9243
0.9195
0.9149
0.9133
0.9173
0.9234
0.9264
0.9266
0.9256
0.9195
0.9062
0.8889
0.8807
0.8780
0.8786
0.8805
0.8781
0.8720
0.8707
0.8752
0.8774
0.8748
0.8745
0.8781
0.8781
0.8745
0.8749
0.8789
0.8816
0.8847
0.8886
0.8887
0.8856
0.8863
0.8927
0.8992
0.9024
0.9032
0.9033
0.9040
0.9072
0.9138
0.9201
0.9200
0.9130
0.9040
0.8967
0.8938
0.8959
0.9000
0.9025
0.9032
0.9032
0.9025
0.9000
0.8959
0.8937
0.8959
0.9000
0.9025
0.9032
0.9032
0.9032
0.9032
0.9033
0.9040
0.9073
0.9146
0.9241
0.9314
0.9346
0.9346
0.9314
0.9241
0.9147
0.9080
0.9073
0.9106
0.9128
0.9105
0.9065
0.9048
0.9073
0.9146
0.9241
0.9314
0.9347
0.9354
0.9355
0.9354
0.9347
0.9323
0.9282
0.9259
0.9273
0.9274
0.9193
0.9025
0.8842
0.8724
0.8985
0.9117
0.9191
0.9166
0.9105
0.9154
0.9241
0.9294
0.9308
0.9302
0.9268
0.9197
0.9122
0.9095
0.9111
0.9131
0.9145
0.9173
0.9224
0.9275
0.9302
0.9300
0.9259
0.9154
0.9009
0.8908
0.8904
0.8966
0.9033
0.9065
0.9037
0.8899
0.9054
0.9104
0.9166
0.9221
0.9251
0.9258
0.9259
0.9259
0.9259
0.9259
0.9259
0.9259
0.9259
0.9259
0.9259
0.9259
0.9259
0.9259
0.9259
0.9259
0.9259
0.9259
0.9259
0.9259
0.9258
0.9250
0.9214
0.9138
0.9065
0.9057
0.9100
0.9121
0.9103
0.9090
0.9113
0.9167
0.9221
0.9250
0.9250
0.9222
0.9174
0.9141
0.9138
0.9138
0.9141
0.9174
0.9222
0.9251
0.9268
0.9304
0.9372
0.9426
0.9416
0.9383
0.9342
0.9104
0.8778
0.8415
0.8758
0.8830
