0.8806
0.8985
0.8974
0.8889
0.8856
0.8900
0.9008
0.9135
0.9241
0.9263
0.9165
0.9035
0.8939
0.8889
0.8881
0.8884
0.8842
0.8851
0.8877
0.8905
0.8923
0.8894
0.8785
0.8694
0.8647
0.8758
0.8719
0.8705
0.8827
0.8863
0.8857
0.8819
0.8772
0.8729
0.8758
0.8828
0.8882
0.8834
0.8799
0.8667
0.8607
0.8648
0.8744
0.8804
0.8838
0.9010
0.9023
0.9029
0.8951
0.8870
0.8813
0.8807
0.8823
0.8821
0.8758
0.8659
0.8472
0.8392
0.8331
0.8369
0.8406
0.8369
0.8282
0.8209
0.8201
0.8298
0.8453
0.8526
0.8519
0.8526
0.8542
0.8511
0.8375
0.8284
0.8266
0.8495
0.8527
0.8466
0.8267
0.8254
0.8270
0.8402
0.8574
0.8705
0.8795
0.8866
0.8901
0.8895
0.8884
0.8895
0.8907
0.8896
0.8889
0.8920
0.8978
0.9012
0.8969
0.8923
0.8923
0.8970
0.9024
0.9066
0.9107
0.9142
0.9156
0.9147
0.9131
0.9126
0.9124
0.9102
0.9071
0.9053
0.9048
0.9042
0.9018
0.8964
0.8894
0.8815
0.9037
0.9088
0.9156
0.9187
0.9156
0.9094
0.9063
0.9094
0.9161
0.9206
0.9187
0.9099
0.8995
0.8943
0.8965
0.9018
0.9056
0.9076
0.9085
0.9083
0.9088
0.9111
0.9139
0.9162
0.9146
0.9149
0.9172
0.9205
0.9219
0.9205
0.9172
0.9149
0.9146
0.9140
0.9117
0.9088
0.9071
0.9084
0.9114
0.9109
0.9040
0.9012
0.9040
0.9085
0.9085
0.9033
0.8974
0.8929
0.8896
0.8890
0.8892
0.8857
0.8832
0.8824
0.8797
0.8738
0.8682
0.8618
0.8612
0.8611
0.8611
0.8611
0.8611
0.8611
0.8604
0.8576
0.8507
0.8410
0.8339
0.8349
0.8415
0.8445
0.8396
0.8332
0.8328
0.8388
0.8467
0.8542
0.8617
0.8702
0.8790
0.8848
0.8853
0.8818
0.9023
0.8977
0.8930
0.8894
0.8900
0.8958
0.9042
0.9107
0.9136
0.9142
0.9136
0.9107
0.9042
0.8958
0.8893
0.8864
0.8858
0.8857
0.8857
0.8857
0.8857
0.8857
0.8850
0.8827
0.8779
0.8715
0.8656
0.8624
0.8617
0.8591
0.8493
0.8449
0.8463
0.8500
0.8523
0.8529
0.8529
0.8529
0.8529
0.8529
0.8529
0.8529
0.8529
0.8529
0.8529
0.8529
0.8529
0.8529
0.8529
0.8529
0.8522
0.8493
0.8433
0.8376
0.8383
0.8470
0.8597
0.8712
0.8786
0.8816
0.8823
0.8823
0.8816
0.8787
0.8720
0.8634
0.8574
0.8574
0.8633
0.8713
0.8757
0.8749
0.8736
0.8757
0.8793
0.8809
0.8779
0.8690
0.8566
0.8480
0.8478
0.8536
0.8611
0.8647
0.8594
0.8502
0.8486
0.8565
0.8664
0.8742
0.8793
0.8816
0.8816
0.8794
0.8757
0.8698
0.8711
0.8718
0.8652
0.8494
0.8239
0.8103
0.8071
0.8344
0.8440
0.8456
0.8453
0.8659
0.8461
0.8416
0.8485
