0.7368
0.7712
0.7887
0.8065
0.8184
0.8535
0.8437
0.8636
0.8926
0.8998
0.8874
0.8800
0.8887
0.9052
0.9217
0.9372
0.9504
0.9573
0.9579
0.9579
0.9574
0.9517
0.9423
0.9281
0.9168
0.9068
0.9016
0.9003
0.9016
0.9068
0.9167
0.9265
0.9319
0.9349
0.9417
0.9567
0.9750
0.9848
0.9815
0.9716
0.9594
0.9387
0.8959
0.9071
0.8991
0.9040
0.9167
0.9167
0.9167
0.9167
0.9167
0.9167
0.9167
0.9167
0.9167
0.9167
0.9167
0.9167
0.9091
0.9091
0.9091
0.9091
0.9091
0.9091
0.9091
0.9091
0.9091
0.9091
0.9091
0.9091
0.9091
0.9091
0.9091
0.8889
0.8889
0.8750
0.8750
0.8750
