0.9310
0.8790
0.8571
0.8613
0.8773
0.8825
0.8613
0.8534
0.8443
0.8482
0.8601
0.8693
0.8709
0.8538
0.8345
0.8285
0.8336
0.8408
0.8434
0.8328
0.8268
0.8289
0.8374
0.8384
0.8263
0.8144
0.8222
0.8542
0.8932
0.9191
0.9327
0.9467
0.9615
0.9662
0.9556
0.9356
0.9152
0.8942
0.8801
0.8669
0.8542
0.8450
0.8408
0.8381
0.8300
0.8121
0.7912
0.7851
0.8043
0.8379
0.8649
0.8769
0.8788
0.8758
0.8690
0.8592
0.8479
0.8392
0.8391
0.8470
0.8560
0.8630
0.8689
0.8710
0.8660
0.8589
0.8579
0.8632
0.8656
0.8626
0.8645
0.8658
0.8614
0.8573
0.8626
0.8726
0.8742
0.8644
0.8531
0.8482
0.8478
0.8481
0.8523
0.8624
0.8760
0.8918
0.9072
0.9539
0.9503
0.9412
0.9290
0.9189
0.9185
0.9238
0.9274
0.9325
0.9412
0.9468
0.9431
0.9411
0.9454
0.9557
0.9694
0.9827
0.9886
0.9827
0.9694
0.9557
0.9454
0.9411
0.9432
0.9452
0.9410
0.9308
0.9179
0.9070
0.9022
0.8988
0.8877
0.8704
0.8616
0.8705
0.8886
0.9023
0.9077
0.9079
0.9045
0.8988
0.8956
0.8976
0.8988
0.8919
0.8785
0.8648
0.8545
0.8503
0.8533
0.8591
0.8625
0.8625
0.8591
0.8532
0.8491
0.8488
0.8488
0.8491
0.8532
0.8590
0.8614
0.8578
0.8476
0.8342
0.8238
0.8184
0.8149
0.8135
0.8196
0.8316
0.8374
0.8320
0.8237
0.8193
0.8183
0.8182
0.8182
0.8182
0.8182
0.8182
0.8182
0.8182
0.8182
0.8182
0.8182
0.8182
0.8182
0.8182
0.8182
0.8182
0.8182
0.8182
0.8182
0.8183
0.8193
0.8239
0.8341
0.8465
0.8523
0.8476
0.8398
0.8399
0.8487
0.8570
0.8578
0.8520
0.8433
0.8316
0.8136
0.7934
0.7795
0.7740
0.7728
0.7726
0.7718
0.7693
0.7681
0.7753
0.7920
0.8090
0.8209
0.8202
0.8236
0.8203
0.8143
0.8106
0.8096
0.8095
0.8095
0.8095
0.8094
0.8084
0.8049
0.7999
0.8014
0.8155
0.8356
0.8426
0.8486
0.8499
0.8499
0.8488
0.8449
0.8375
0.8302
0.8273
0.8302
0.8374
0.8436
0.8428
0.8348
0.8302
0.8414
0.8649
0.8823
0.8837
0.8737
0.8596
0.8463
0.8352
0.8187
0.7955
0.7830
0.7855
0.8029
0.8223
0.8354
0.8408
0.8420
0.8421
0.8422
0.8434
0.8487
0.8606
0.8762
0.8881
0.8934
0.8946
0.8947
0.8947
0.8947
0.8947
0.8947
0.8947
0.8947
0.8947
0.8947
0.8947
0.8947
0.8947
0.8947
0.8947
0.8947
0.8947
0.8946
0.8934
0.8881
0.8762
0.8606
0.8487
0.8434
0.8422
0.8421
0.8421
0.8421
0.8421
0.8421
0.8421
0.8421
0.8421
0.8421
0.8422
0.8434
0.8487
0.8606
0.8762
0.8881
0.8934
0.8946
0.8947
0.8947
0.8947
0.8947
0.8947
0.8889
0.8889
0.8889
0.8886
0.8863
0.8778
0.8637
0.8559
0.8624
0.8722
0.8737
0.8721
0.8750
0.8778
0.8750
0.8724
0.8763
0.8833
0.8876
0.8889
0.8824
0.8822
0.8808
0.8736
0.8553
0.8750
0.8750
0.8750
0.8750
0.8750
0.8750
0.8750
0.8750
0.8750
0.8750
0.8750
0.8750
0.8750
0.8750
0.8750
0.8750
0.8750
0.8749
0.8734
0.8673
0.8546
0.8422
0.8409
0.8482
0.8515
0.8472
0.8401
0.8347
0.8347
0.8403
0.8488
0.8592
0.8686
0.8735
0.8746
0.8718
0.8594
0.8327
0.8035
0.7954
0.8142
0.8390
0.8499
0.8486
0.8464
0.8488
0.8531
0.8544
0.8551
0.8607
0.8689
0.8751
0.8827
0.8970
0.9155
0.9297
0.9359
0.9374
0.9375
0.9375
0.9376
0.9391
0.9453
0.9595
0.9780
0.9922
0.9984
0.9999
1.0000
0.9999
0.9984
0.9920
0.9765
0.9534
0.9328
0.9285
0.9453
0.9681
0.9817
0.9748
0.9584
0.9501
0.9585
0.9767
0.9916
0.9983
0.9999
1.0000
0.9999
0.9984
0.9933
0.9847
0.9786
0.9764
0.9681
0.9469
0.9182
0.8934
0.8819
0.8833
0.8848
0.8736
0.8514
0.8317
0.8110
0.8081
0.8540
0.8479
0.8435
0.9013
0.8552
0.7928
