0.8000
0.8011
0.8304
0.8669
0.8829
0.8789
0.8679
0.9082
0.8955
0.8752
0.9054
0.8629
0.8279
0.8226
0.8442
0.8796
0.9118
0.9249
0.9211
0.9118
0.9044
0.9028
0.9054
0.9111
0.9252
0.9452
0.9632
0.9788
0.9917
0.9979
0.9998
1.0000
1.0000
1.0000
0.9998
0.9979
0.9909
0.9794
0.9731
0.9794
0.9909
0.9977
0.9977
0.9900
0.9771
0.9679
0.9650
0.9573
0.9455
0.9476
0.9671
0.9851
0.9849
0.9646
0.9352
0.9126
0.9025
0.9002
0.9000
0.9000
0.8998
0.8977
0.8900
0.8773
0.8705
0.8773
0.8900
0.8977
0.8998
0.9000
0.9000
0.9000
0.9000
0.9000
0.9000
0.9000
0.8998
0.8975
0.8877
0.8673
0.8478
0.8476
0.8650
0.8777
0.8748
0.8702
0.8771
0.8874
0.8853
0.8671
0.8476
0.8471
0.8679
0.8891
0.8889
0.8889
0.8889
0.8889
0.8889
0.8889
0.8889
0.8889
0.8889
0.8889
0.8889
0.8889
0.8889
0.8889
0.8889
0.8889
0.8889
0.8889
0.8889
0.8889
0.8889
0.8889
0.8891
0.8917
0.9028
0.9280
0.9609
0.9861
0.9972
0.9998
1.0000
0.9998
0.9974
0.9893
0.9782
0.9784
1.0000
1.0000
1.0000
1.0000
1.0000
1.0000
1.0000
1.0000
1.0000
1.0000
1.0000
1.0000
1.0000
1.0000
1.0000
1.0000
1.0000
1.0000
1.0000
1.0000
1.0000
1.0000
1.0000
1.0000
1.0000
1.0000
1.0000
1.0000
1.0000
1.0000
1.0000
1.0000
1.0000
1.0000
1.0000
1.0000
1.0000
1.0000
1.0000
0.9997
0.9966
0.9814
0.9425
1.0000
1.0000
1.0000
1.0000
1.0000
1.0000
1.0000
1.0000
1.0000
1.0000
1.0000
1.0000
1.0000
1.0000
1.0000
1.0000
1.0000
1.0000
1.0000
1.0000
1.0000
1.0000
1.0000
1.0000
1.0000
1.0000
1.0000
1.0000
1.0000
1.0000
1.0000
1.0000
1.0000
1.0000
1.0000
1.0000
1.0000
1.0000
1.0000
1.0000
1.0000
1.0000
1.0000
1.0000
1.0000
1.0000
1.0000
1.0000
1.0000
1.0000
1.0000
1.0000
1.0000
1.0000
1.0000
1.0000
1.0000
1.0000
1.0000
1.0000
1.0000
1.0000
1.0000
1.0000
1.0000
1.0000
1.0000
0.9997
0.9964
0.9821
0.9497
0.8920
0.8543
0.8359
1.0000
1.0000
1.0000
1.0000
1.0000
1.0000
1.0000
1.0000
1.0000
1.0000
1.0000
1.0000
1.0000
0.9996
0.9953
0.9800
0.9539
0.9371
0.9505
1.0000
1.0000
1.0000
1.0000
1.0000
1.0000
1.0000
1.0000
1.0000
1.0000
1.0000
