0.9167
0.9027
0.8663
0.8089
0.7772
0.6983
0.6200
0.5763
0.5932
0.6676
0.7708
0.8663
0.9298
0.9574
0.9564
0.9431
0.9373
0.9421
0.9458
0.9416
0.9341
0.9335
0.9494
0.9343
0.9496
0.9778
0.9948
0.9995
1.0000
1.0000
1.0000
1.0000
1.0000
0.9995
0.9946
0.9749
0.9357
0.8952
0.8776
0.8808
0.8891
0.9000
0.9169
0.9354
0.9504
0.9583
0.9523
0.9333
0.9445
1.0000
1.0000
1.0000
0.9997
0.9964
0.9821
0.9497
0.9075
0.8751
0.8608
0.8575
0.8575
0.8608
0.8751
0.9075
0.9497
0.9821
0.9964
0.9997
1.0000
1.0000
1.0000
1.0000
1.0000
1.0000
1.0000
1.0000
0.9996
0.9958
0.9791
0.9413
0.8920
0.8543
0.8376
0.8337
0.8337
0.8376
0.8539
0.8878
0.9204
0.9204
0.8878
0.8539
0.8379
0.8379
0.8543
0.8920
0.9413
0.9791
0.9958
0.9996
1.0000
1.0000
1.0000
1.0000
0.9996
0.9958
0.9791
0.9413
0.8920
0.8543
0.8376
0.8337
0.8333
0.8333
0.8333
0.8333
0.8333
0.8333
0.8333
0.8333
0.8333
0.8333
0.8333
0.8333
0.8333
0.9996
0.9949
0.9753
0.9182
0.8724
0.8891
0.9909
0.9504
0.8467
1.0000
1.0000
