1.0000
0.9223
0.8859
0.8958
0.9360
0.9637
0.9523
0.9133
0.8842
0.8934
0.9251
0.9386
0.9273
0.9253
0.9497
0.9795
0.9935
0.9903
0.9771
0.9617
0.9476
0.9343
0.9298
0.9432
0.9682
0.9886
0.9977
0.9996
0.9977
0.9886
0.9680
0.9409
0.9184
0.9023
0.8887
0.8822
0.8885
0.9000
0.9070
0.9091
0.9002
0.9025
0.9126
0.9352
0.9646
0.9849
0.9849
0.9646
0.9352
0.9126
0.9025
0.9002
0.9000
0.9000
0.9000
0.9000
0.9000
0.9000
0.9000
0.9000
0.9000
0.9000
0.9002
0.9025
0.9126
0.9352
0.9648
0.9874
0.9975
0.9998
1.0000
1.0000
1.0000
1.0000
1.0000
1.0000
1.0000
1.0000
1.0000
1.0000
1.0000
1.0000
1.0000
1.0000
1.0000
1.0000
0.9998
0.9975
0.9874
0.9648
0.9352
0.9126
0.9025
0.9002
0.9000
0.9000
0.9000
0.9000
0.8998
0.8975
0.8874
0.8650
0.8379
0.8274
0.8476
0.8889
0.8889
0.8889
0.8889
0.8889
0.8889
0.8886
0.8861
0.8749
0.8497
0.8169
0.7920
0.7834
0.7917
0.8143
0.8386
0.8497
0.8532
0.8635
0.8778
0.8863
0.8886
0.8889
0.8889
0.8889
0.8889
0.8889
0.8889
0.8889
0.8889
0.8750
0.8750
0.8747
0.8718
0.8593
0.8310
0.7940
0.7657
0.7532
0.7503
0.7500
0.7500
0.7500
0.7497
0.7468
0.7343
0.7060
0.6693
0.6439
0.6439
0.6693
0.7060
0.7343
0.7465
0.7468
0.7375
0.7217
0.7128
0.7185
0.7218
0.7033
0.6719
0.6564
0.6722
0.7062
0.7343
0.7468
0.7497
0.7500
0.7143
0.7143
0.7143
0.7143
0.7143
0.7143
0.7143
0.7143
0.7143
0.7143
0.7143
0.7143
0.7143
0.7143
0.7143
0.7143
0.7143
0.7143
0.7143
0.7143
0.7143
0.7143
0.7143
0.7143
0.7143
0.7143
0.7143
0.7143
0.7143
0.7143
0.7143
0.7143
0.7143
0.7143
0.7143
0.7143
0.7143
0.7143
0.7143
0.7143
0.7143
0.7143
0.7143
0.7143
0.7143
0.7143
0.7143
0.7143
0.7143
0.7143
0.7143
0.7143
0.7143
0.7143
0.7143
0.7143
0.7143
0.7143
0.7143
0.7143
0.7143
0.7143
0.7143
0.7143
0.7143
0.7143
0.7143
0.7143
0.7143
0.7143
0.7143
0.7143
0.7143
0.7143
0.7143
0.7143
0.8333
0.8333
0.8333
0.8333
0.8333
0.8333
0.8333
0.8333
0.8333
0.8333
0.8333
0.8333
0.8333
0.8333
0.8333
0.8333
0.8333
0.8333
0.8333
0.8333
0.8333
0.8333
0.8333
0.8333
0.8333
0.8333
0.8333
0.8333
0.8333
0.8333
0.8333
0.8333
0.8333
0.8333
0.8333
0.8333
0.8333
0.8333
0.8333
0.8333
0.8333
0.8333
0.8333
0.8333
0.8333
0.8333
0.8333
0.8333
0.8333
0.8333
0.8333
0.8333
0.8330
0.8291
0.8120
0.7704
0.7048
0.6331
0.5835
0.5758
0.5913
0.5874
0.5545
0.5206
0.5042
0.5004
0.5000
0.6000
0.6000
0.6000
0.6000
0.6000
0.6000
0.5996
0.5949
0.5749
0.5300
0.4755
0.4498
0.4705
0.5049
0.5044
0.4654
0.4251
0.4105
0.4298
0.6150
