0.8679
0.8596
0.8512
0.8494
0.8574
0.8712
0.8804
0.9054
0.9155
0.9196
0.9169
0.8975
0.8732
0.8773
0.8842
0.8983
0.9163
0.9340
0.9417
0.9421
0.9403
0.9398
0.9408
0.9416
0.9486
0.9590
0.9666
0.9677
0.9642
0.9601
0.9585
0.9601
0.9642
0.9678
0.9672
0.9620
0.9557
0.9523
0.9498
0.9458
0.9434
0.9425
0.9360
0.9275
0.9235
0.9249
0.9285
0.9323
0.9629
0.9596
0.9581
0.9604
0.9645
0.9670
0.9677
0.9677
0.9677
0.9654
0.9647
0.9621
0.9576
0.9545
0.9542
0.9542
0.9545
0.9567
0.9578
0.9534
0.9474
0.9475
0.9542
0.9604
0.9603
0.9532
0.9424
0.9319
0.9241
0.9209
0.9232
0.9276
0.9302
0.9310
0.9310
0.9310
0.9310
0.9310
0.9310
0.9310
0.9310
0.9310
0.9310
0.9310
0.9310
0.9310
0.9310
0.9310
0.9301
0.9259
0.9155
0.9017
0.8942
0.8983
0.9078
0.9166
0.9265
0.9387
0.9474
0.9455
0.9322
0.9233
0.9259
0.9377
0.9518
0.9641
0.9750
0.9819
0.9785
0.9644
0.9509
0.9510
0.9653
0.9824
0.9944
0.9989
0.9990
0.9954
0.9870
0.9761
0.9685
0.9676
0.9715
0.9748
0.9760
0.9797
0.9878
0.9954
0.9981
0.9953
0.9870
0.9760
0.9676
0.9639
0.9628
0.9980
0.9895
0.9700
0.9462
0.9340
0.9374
0.9442
0.9472
0.9446
0.9350
0.9108
0.9134
0.9106
0.9209
0.9283
0.9286
0.9177
0.9140
0.9242
0.9398
0.9469
0.9650
