0.9171
0.9103
0.9035
0.9006
0.9014
0.9029
0.9042
0.9047
0.9060
0.9080
0.9100
0.9120
0.9164
0.9196
0.9215
0.9218
0.9216
0.9210
0.9195
0.9191
0.9210
0.9224
0.9231
0.9230
0.9230
0.9241
0.9233
0.9222
0.9220
0.9223
0.9226
0.9232
0.9232
0.9232
0.9236
0.9247
0.9258
0.9278
0.9295
0.9306
0.9318
0.9320
0.9321
0.9321
0.9308
0.9295
0.9282
0.9279
0.9281
0.9280
0.9283
0.9283
0.9282
0.9281
0.9283
0.9294
0.9295
0.9294
0.9292
0.9302
0.9305
0.9308
0.9302
0.9294
0.9292
0.9296
0.9296
0.9295
0.9295
0.9291
0.9281
0.9282
0.9279
0.9288
0.9296
0.9304
0.9308
0.9320
0.9331
0.9340
0.9337
0.9327
0.9324
0.9333
0.9334
0.9330
0.9329
0.9326
0.9318
0.9312
0.9309
0.9310
0.9308
0.9297
0.9287
0.9287
0.9288
0.9296
0.9311
0.9330
0.9336
0.9339
0.9340
0.9334
0.9328
0.9320
0.9312
0.9317
0.9319
0.9312
0.9300
0.9301
0.9297
0.9307
0.9302
0.9301
0.9300
0.9307
0.9294
0.9279
0.9264
0.9257
0.9262
0.9265
0.9270
0.9274
0.9276
0.9275
0.9273
0.9267
0.9271
0.9263
0.9254
0.9238
0.9229
0.9230
0.9242
0.9258
0.9275
0.9288
0.9291
0.9286
0.9280
0.9271
0.9260
0.9254
0.9237
0.9224
0.9197
0.9146
0.9064
0.8961
0.8869
0.8783
0.8739
0.8698
0.8664
0.8669
0.8679
0.8688
