0.8182
0.8332
0.8247
0.7990
0.7657
0.7340
0.7209
0.7364
0.7559
0.7468
0.7830
0.8149
0.8650
0.9103
0.9393
0.9577
0.9748
0.9896
0.9951
0.9872
0.9648
0.9352
0.9123
0.9002
0.8900
0.8750
0.8604
0.8547
0.8600
0.8699
0.8647
0.8274
0.7726
0.7353
0.7303
0.7425
0.7577
0.7722
0.7774
0.7652
0.7501
0.7603
0.8023
0.8501
0.8749
0.8743
0.8679
0.8671
0.8648
0.8558
0.8444
0.8378
0.8455
0.8671
0.8877
0.8975
0.8993
0.8953
0.8798
0.8521
0.8286
0.8218
0.8254
0.8331
0.8440
0.8556
0.8624
0.8571
0.8452
0.8452
0.8573
0.8650
0.8679
0.8771
0.8898
0.8951
0.8874
0.8673
0.8478
0.8478
0.8673
0.8877
0.8972
0.8975
0.8900
0.8771
0.8679
0.8648
0.8548
0.8329
0.8126
0.7806
0.7780
0.7778
0.7778
0.7778
0.7778
0.7778
0.7778
0.7778
0.7775
0.7752
0.7671
0.7560
0.7562
0.7500
0.7500
0.8571
0.8571
0.8571
0.8571
0.8571
0.8571
0.8575
0.8608
0.8751
0.9075
0.9497
0.9821
0.9961
0.9964
0.9854
0.9640
0.9399
0.9173
0.8932
0.8718
0.8605
0.8575
0.8571
0.8571
0.8571
0.8571
0.8575
0.8608
0.8751
0.9075
0.9494
0.9784
0.9787
0.9504
0.9066
1.0000
1.0000
1.0000
1.0000
1.0000
1.0000
1.0000
1.0000
1.0000
1.0000
1.0000
1.0000
1.0000
1.0000
1.0000
1.0000
1.0000
1.0000
1.0000
1.0000
1.0000
1.0000
1.0000
1.0000
1.0000
1.0000
1.0000
1.0000
1.0000
0.9996
0.9953
0.9800
0.9547
0.9409
0.9547
0.9800
0.9953
0.9996
1.0000
1.0000
1.0000
1.0000
1.0000
1.0000
1.0000
1.0000
1.0000
1.0000
1.0000
1.0000
1.0000
1.0000
1.0000
1.0000
1.0000
1.0000
1.0000
1.0000
1.0000
1.0000
1.0000
1.0000
1.0000
1.0000
1.0000
1.0000
1.0000
1.0000
1.0000
1.0000
1.0000
1.0000
1.0000
1.0000
1.0000
1.0000
1.0000
1.0000
1.0000
1.0000
1.0000
1.0000
1.0000
1.0000
1.0000
1.0000
1.0000
1.0000
1.0000
1.0000
1.0000
1.0000
1.0000
1.0000
1.0000
1.0000
1.0000
1.0000
1.0000
0.9995
0.9942
0.9750
0.9433
0.9261
0.9433
0.9750
0.9942
0.9995
1.0000
1.0000
1.0000
1.0000
1.0000
1.0000
1.0000
1.0000
1.0000
1.0000
1.0000
1.0000
1.0000
1.0000
1.0000
1.0000
1.0000
1.0000
1.0000
1.0000
1.0000
1.0000
1.0000
1.0000
1.0000
1.0000
1.0000
1.0000
1.0000
1.0000
1.0000
1.0000
1.0000
1.0000
1.0000
1.0000
1.0000
1.0000
1.0000
1.0000
1.0000
1.0000
1.0000
1.0000
1.0000
1.0000
1.0000
1.0000
1.0000
1.0000
1.0000
1.0000
1.0000
1.0000
1.0000
1.0000
1.0000
1.0000
1.0000
1.0000
1.0000
1.0000
1.0000
1.0000
1.0000
1.0000
1.0000
1.0000
1.0000
1.0000
1.0000
1.0000
1.0000
1.0000
1.0000
1.0000
1.0000
1.0000
1.0000
1.0000
1.0000
1.0000
1.0000
1.0000
1.0000
1.0000
1.0000
1.0000
1.0000
1.0000
1.0000
1.0000
1.0000
1.0000
1.0000
1.0000
1.0000
1.0000
1.0000
1.0000
1.0000
1.0000
1.0000
1.0000
1.0000
1.0000
1.0000
1.0000
1.0000
1.0000
1.0000
1.0000
1.0000
1.0000
1.0000
1.0000
1.0000
1.0000
1.0000
1.0000
1.0000
1.0000
1.0000
1.0000
1.0000
1.0000
1.0000
1.0000
1.0000
1.0000
1.0000
1.0000
1.0000
1.0000
1.0000
1.0000
1.0000
1.0000
1.0000
1.0000
1.0000
1.0000
1.0000
1.0000
0.9993
0.9922
0.9666
0.9244
0.9015
0.9244
0.9659
0.9838
0.9582
0.8911
0.8259
0.7389
0.8366
0.9383
0.9873
0.9989
1.0000
1.0000
1.0000
1.0000
1.0000
1.0000
1.0000
1.0000
