0.8235
0.8734
0.8991
0.9383
0.9668
0.9731
0.9596
0.9352
0.9146
0.9061
0.8967
0.8737
0.8483
0.8251
0.8200
0.8079
0.8375
0.8425
0.8375
0.8271
0.8176
0.8127
0.8182
0.8978
0.9134
0.9190
0.9113
0.8863
0.8462
0.8060
0.7810
0.7731
0.7773
0.7886
0.8016
0.8136
0.8248
0.8286
0.8173
0.7962
0.7789
0.7712
0.7694
0.7692
0.7692
0.7692
0.7692
0.7692
0.7692
0.7692
0.7691
0.7674
0.7615
0.7518
0.7465
0.7518
0.7615
0.7481
0.7496
0.7481
0.7417
0.7311
0.7254
0.7311
0.7417
0.7481
0.7498
0.7500
0.7500
0.7500
0.7500
0.7500
0.7500
0.7500
0.7500
0.7500
0.8182
0.8184
0.8203
0.8273
0.8388
0.8450
0.8390
0.8123
0.8126
0.8254
0.8421
0.8579
0.8748
0.8898
0.8977
0.8998
0.9000
0.9000
0.9000
0.9000
0.9000
0.9000
0.9000
0.8889
0.8889
0.8889
0.8889
0.8889
0.8889
0.8889
0.8889
0.8889
0.8889
0.8891
0.8917
0.9028
0.9280
0.9609
0.9858
0.9943
0.9858
0.9609
0.9280
0.9028
0.8917
0.8891
0.8889
0.8889
0.8889
0.8889
0.8889
0.8889
0.8889
0.8889
0.8889
0.8889
0.8889
0.8886
0.8861
0.8749
0.8497
0.8169
0.7917
0.7806
0.7780
0.7778
0.7778
0.7500
0.7500
0.7500
0.7500
0.8571
0.8571
0.8571
0.8571
0.8571
0.8571
0.8568
0.8538
0.8428
0.8248
0.8149
0.8251
0.8465
0.8714
0.9035
0.9317
0.9314
0.9005
0.8605
0.8284
0.8156
0.8284
0.8373
0.8866
0.9381
0.9800
0.9547
0.9409
0.9547
0.9795
0.9907
0.9791
0.9500
0.9209
0.9093
0.9209
0.9500
0.9795
0.9953
0.9996
1.0000
1.0000
1.0000
1.0000
1.0000
1.0000
1.0000
1.0000
1.0000
1.0000
1.0000
1.0000
1.0000
1.0000
1.0000
1.0000
1.0000
1.0000
1.0000
1.0000
1.0000
1.0000
1.0000
1.0000
1.0000
1.0000
1.0000
1.0000
1.0000
1.0000
1.0000
1.0000
1.0000
1.0000
1.0000
1.0000
1.0000
1.0000
1.0000
1.0000
1.0000
1.0000
1.0000
1.0000
1.0000
1.0000
1.0000
0.9996
0.9953
0.9800
0.9547
0.9409
0.9547
0.9800
0.9953
0.9996
1.0000
1.0000
1.0000
1.0000
1.0000
1.0000
1.0000
1.0000
1.0000
1.0000
1.0000
1.0000
1.0000
1.0000
1.0000
1.0000
1.0000
1.0000
1.0000
1.0000
1.0000
1.0000
1.0000
0.9995
0.9942
0.9750
0.9433
0.9261
0.9244
0.9666
0.9948
1.0000
1.0000
1.0000
1.0000
1.0000
