0.8077
0.7963
0.8143
0.8553
0.8914
0.9105
0.9229
0.9432
0.9719
0.9728
0.9684
0.9664
0.9728
0.9837
0.9892
0.9846
0.9761
0.9718
0.9706
0.9676
0.9663
0.9728
0.9848
0.9945
0.9988
0.9988
0.9945
0.9847
0.9716
0.9601
0.9499
0.9413
0.9418
0.9550
0.9719
0.9816
0.9800
0.9708
0.9619
0.9576
0.9566
0.9565
0.9565
0.9563
0.9524
0.9453
0.9330
0.9243
0.9293
0.9480
0.9716
0.9895
0.9978
0.9998
1.0000
1.0000
1.0000
1.0000
1.0000
1.0000
1.0000
1.0000
1.0000
1.0000
1.0000
1.0000
1.0000
1.0000
1.0000
1.0000
1.0000
1.0000
1.0000
1.0000
1.0000
1.0000
1.0000
1.0000
1.0000
1.0000
0.9998
0.9977
0.9892
0.9713
0.9503
0.9369
0.9361
0.9480
0.9691
0.9926
0.9986
0.9998
0.9988
0.9950
0.9887
0.9852
0.9880
0.9934
0.9923
0.9826
0.9713
0.9672
0.9709
0.9780
0.9867
0.9946
0.9987
1.0000
1.0000
0.9999
0.9986
0.9937
0.9856
0.9804
0.9823
