0.9333
0.8633
0.8847
0.8760
0.8522
0.8161
0.8004
0.8126
0.8338
0.8561
0.8798
0.8963
0.9035
0.9068
0.8965
0.8622
0.8237
0.8126
0.8285
0.8468
0.8552
0.8570
0.8571
0.8571
0.8571
0.8573
0.8590
0.8658
0.8788
0.8875
0.8799
0.8665
0.8660
0.8631
0.8620
0.8537
0.8478
0.8444
0.8365
0.8192
0.7983
0.7884
0.7963
0.8096
0.8094
0.7945
0.7805
0.7791
0.7888
0.8018
0.7982
0.8123
0.8248
0.8314
0.8332
0.8332
0.8314
0.8250
0.8143
0.8068
0.8061
0.8059
0.8047
0.8040
0.7979
0.7898
0.7980
0.8250
0.8479
0.8522
0.8520
0.8646
0.8875
0.9062
0.9144
0.9145
0.9083
0.8972
0.8860
0.8706
0.8410
0.8096
0.7975
0.8001
0.8071
0.8244
0.8524
0.8767
0.8831
0.8711
0.8493
0.8295
0.8210
0.8186
0.8127
0.8087
0.8166
0.8355
0.8607
0.8871
0.9062
0.9154
0.9091
0.9091
0.9091
0.9091
0.9091
0.9091
0.9091
0.9091
0.9091
0.9091
0.9091
0.9091
0.9091
0.9091
0.9091
0.9091
0.9091
0.9091
0.9091
0.9091
0.9091
0.9091
0.9091
0.9091
0.9091
0.9091
0.9093
0.9114
0.9205
0.9411
0.9680
0.9886
0.9977
0.9998
1.0000
0.9998
0.9977
0.9886
0.9680
0.9411
0.9205
0.9116
0.9116
0.9203
0.9386
0.9543
0.9452
0.9068
0.8614
0.8319
0.8205
0.8163
0.8093
0.7999
0.8027
0.8296
0.8680
0.8954
0.9045
0.8998
0.8885
0.8822
0.8885
0.8998
0.9049
0.9000
0.8906
0.8913
0.9091
0.9269
0.9274
0.9159
0.9021
0.8887
0.8822
0.8885
0.9002
0.9093
0.9203
0.9411
0.9680
0.9886
0.9975
0.9975
0.9886
0.9680
0.9411
0.9205
0.9114
0.9093
0.9091
0.9091
0.9091
0.9091
0.9091
0.9091
0.9091
0.9091
0.9091
0.9091
0.9091
0.9091
0.9091
0.9089
0.9068
0.8979
0.8794
0.8616
0.8616
0.8794
0.8979
0.9068
0.9089
0.9091
0.9091
0.9091
0.9091
0.9091
0.9091
0.9091
0.9091
0.9091
0.9091
0.9091
0.9091
0.9091
0.9091
0.9091
0.9091
0.9091
0.9091
0.9091
0.9091
0.9091
0.9091
0.9091
0.9091
0.9091
0.9091
0.9091
0.9089
0.9070
0.8998
0.8864
0.8731
0.8679
0.8731
0.8864
0.8998
0.9070
0.9089
0.9091
0.9091
0.9091
0.9091
0.9091
0.9091
0.9091
0.9091
0.9000
0.9002
0.9025
0.9123
0.9327
0.9520
0.9497
0.9201
0.8771
0.8378
0.8128
0.8028
0.8028
0.8124
0.8345
0.8654
0.8889
0.8889
0.8889
0.8889
0.8889
0.8889
0.8889
0.8889
0.8889
0.8889
0.8889
0.8889
0.8889
0.8750
0.8750
0.8750
0.8750
0.8750
0.8750
0.8571
0.8571
0.8571
0.8571
0.8571
0.8571
0.8571
0.8571
0.8571
0.8571
0.8571
0.8571
0.8571
0.8571
0.8571
0.8571
0.8571
0.8571
0.8571
0.8571
0.8571
0.8571
0.8571
0.8571
0.8571
0.8571
0.8571
0.8571
0.8571
0.8571
0.8571
0.8571
0.8571
0.8575
0.8608
0.8751
0.9078
0.9513
0.9859
1.0000
1.0000
1.0000
1.0000
1.0000
1.0000
1.0000
1.0000
1.0000
1.0000
1.0000
1.0000
1.0000
1.0000
1.0000
1.0000
1.0000
1.0000
1.0000
1.0000
1.0000
1.0000
1.0000
1.0000
1.0000
0.9996
0.9953
0.9807
0.9603
0.9566
0.9750
0.9433
0.9015
0.9244
0.9666
0.9922
0.9993
1.0000
1.0000
1.0000
1.0000
1.0000
0.9993
0.9922
0.9666
0.9244
0.9015
0.9244
0.9666
0.9922
0.9993
1.0000
