0.9231
0.8635
0.8077
0.7752
0.7819
0.8078
0.8120
0.7805
0.7327
0.6785
0.6799
0.6250
0.5821
0.5594
0.5571
0.5684
0.5814
0.5867
0.5814
0.5682
0.5550
0.5501
0.5594
0.5889
0.6364
0.6836
0.7114
0.7155
0.7041
0.6892
0.6768
0.6688
0.6707
0.6858
0.7100
0.7335
0.7500
0.7663
0.7881
0.8070
0.8159
0.8180
0.8182
0.8180
0.8161
0.8091
0.7771
0.7679
0.7636
0.7457
0.7778
0.7778
0.7778
0.7778
0.7778
0.7778
0.7778
0.7778
0.7778
0.7778
0.7778
0.7778
0.7778
0.7778
0.7778
0.7778
0.7775
0.7750
0.7638
0.7386
0.7058
0.6806
0.6695
0.6669
0.6667
0.6667
0.6667
0.6667
0.6667
0.6667
0.6667
0.6667
0.6667
0.6667
0.6667
0.6667
0.6667
0.6667
0.6667
0.6667
0.6667
0.6667
0.6667
0.6667
0.6667
0.6667
0.6667
0.6667
0.6667
0.6667
0.6667
0.6667
0.6667
0.6667
0.6667
0.6667
0.6667
0.6667
0.6667
0.6667
0.6667
0.6667
0.6667
0.6667
0.6667
0.6667
0.6667
0.6667
0.6667
0.6667
0.6667
0.6667
0.6667
0.6667
0.6667
0.6667
0.6667
0.6667
0.6667
0.6667
0.6667
0.6667
0.6667
0.6667
0.6667
0.6667
0.6667
0.6667
0.6667
0.6667
0.6667
0.6667
0.6667
0.6667
0.6667
0.6667
0.6667
0.6667
0.6667
0.6667
0.6667
0.6667
0.6667
0.6667
0.6667
0.6667
0.6667
0.6667
0.6667
0.6667
0.6667
0.6667
0.6667
0.6667
0.6667
0.6667
0.6667
0.6667
0.6667
0.6667
0.6667
0.6667
0.6667
0.6667
0.6667
0.6667
0.6667
0.6667
0.6250
0.6250
0.6250
0.6250
0.6250
0.6250
0.6250
0.6250
0.6250
0.6250
0.6250
0.6250
0.6250
0.6250
0.6250
0.6250
0.6250
0.6250
0.6250
0.6250
0.6250
0.6250
0.6253
0.6282
0.6407
0.6690
0.7060
0.7343
0.7468
0.7497
0.7500
0.7500
0.7500
0.7500
0.7500
0.7500
0.7500
0.7500
0.7500
0.7500
0.7497
0.7468
0.7343
0.7060
0.6690
0.6407
0.6282
0.6253
0.6250
0.6250
0.6250
0.6250
0.6250
0.6250
0.6250
0.6250
0.6250
0.6250
0.6250
0.6250
0.6250
0.6250
0.6250
0.6250
0.6250
0.6250
0.6250
0.6250
0.6250
0.6250
0.6250
0.6250
0.6250
0.6250
0.6250
0.6250
0.6250
0.6250
0.6250
0.6250
0.6250
0.6250
0.6250
0.6250
0.6250
0.6250
0.6250
0.6250
0.6250
0.6250
0.6250
0.6250
0.6250
0.6250
0.6250
0.6250
0.6250
0.6250
0.6250
0.6250
0.6250
0.6250
0.6250
0.6250
0.6250
0.6250
0.6250
0.6250
0.6250
0.6250
0.6250
0.6250
0.6250
0.6250
0.6250
0.5714
0.5714
0.5714
0.5714
0.5714
0.5714
0.5714
0.5714
0.5714
0.5714
0.5714
0.5714
0.5714
0.5714
0.5714
0.5714
0.5714
0.5714
0.5714
0.5714
0.5714
0.5714
0.5714
0.5714
0.5717
0.5751
0.5894
0.6218
0.6640
0.6964
0.7107
0.7140
0.7143
0.7143
0.7143
0.7143
0.7143
0.7143
0.7143
0.7143
0.7143
0.7143
0.6667
0.6667
0.6667
0.6667
0.6667
0.6667
0.6667
0.6667
0.6667
0.6667
0.6667
0.6667
0.6667
0.6000
0.6000
0.5005
0.6757
0.5744
0.4600
