0.8800
0.9148
0.8917
0.8775
0.8666
0.8707
0.8892
0.9018
0.9002
0.8945
0.8865
0.8721
0.8564
0.8446
0.8338
0.8253
0.8276
0.8365
0.8625
0.8851
0.8919
0.8804
0.8605
0.8441
0.8353
0.8332
0.8327
0.8284
0.8207
0.8112
0.8023
0.8026
0.8144
0.8241
0.8191
0.8046
0.7944
0.7929
0.7838
0.7821
0.7810
0.7895
0.8106
0.8345
0.8500
0.8557
0.8558
0.8512
0.8404
0.8263
0.8155
0.8107
0.8095
0.8084
0.8048
0.7986
0.7942
0.7927
0.7879
0.7764
0.7619
0.7474
0.7358
0.7298
0.7238
0.7463
0.7339
0.7365
0.7498
0.7614
0.7715
0.7846
0.7988
0.8101
0.8148
0.8126
0.8113
0.8188
0.8324
0.8426
0.8437
0.8386
0.8353
0.8399
0.8512
0.8652
0.8760
0.8761
0.8663
0.8562
0.8423
0.8383
0.8368
0.8451
0.8644
0.8841
0.8972
0.9036
0.8959
0.8643
0.8199
0.7884
0.7802
0.7832
0.7830
0.7774
0.7739
0.7775
0.7843
0.7896
0.7960
0.8079
0.8223
0.8208
0.8194
0.8182
0.8276
0.8461
0.8626
0.8706
0.8779
0.8882
0.9087
0.9187
0.9197
0.9205
0.9219
0.9128
0.9092
0.9126
0.9204
0.9249
0.9219
0.9189
0.9233
0.9312
0.9359
0.9358
0.9297
0.9155
0.8970
0.8828
0.8766
0.8750
0.8735
0.8687
0.8608
0.8565
0.8608
0.8687
0.8735
0.8749
0.8750
0.8667
0.8667
0.8667
0.8667
0.8667
0.8665
0.8651
0.8600
0.8516
0.8468
0.8499
0.8518
0.8433
0.8316
0.8302
0.8365
0.8351
0.8233
0.8150
0.8185
0.8282
0.8386
0.8499
0.8598
0.8651
0.8665
0.8667
0.8667
0.8667
0.8667
0.8667
0.8667
0.8664
0.8636
0.8533
0.8364
0.8273
0.8363
0.8516
0.8553
0.8446
0.8319
0.8317
0.8433
0.8516
0.8482
0.8385
0.8282
0.8185
0.8152
0.8249
0.8418
0.8516
0.8499
0.8468
0.8516
0.8600
0.8650
0.8650
0.8598
0.8500
0.8403
0.8363
0.8385
0.8401
0.8295
0.8051
0.7803
0.7474
0.8002
0.8137
0.8474
0.8870
0.9145
0.9163
0.9147
0.9083
0.8976
0.8899
0.8873
0.8790
0.8606
0.8417
0.8271
0.8146
0.8087
0.8144
0.8248
0.8296
0.8267
0.8228
0.8276
0.8391
0.8439
0.8399
0.8372
0.8436
0.8584
0.8668
0.8516
0.8256
0.8211
0.8433
0.8715
0.8935
0.9080
0.9147
0.9165
0.9167
0.9167
0.9167
0.9167
0.9167
0.9167
0.9167
0.9167
0.9167
0.9167
0.9167
0.9167
0.9167
0.9167
0.9167
0.9167
0.9167
0.9167
0.9167
0.9167
0.9167
0.9167
0.9167
0.9167
0.9167
0.9167
0.9167
0.9167
0.9165
0.9147
0.9083
0.8976
0.8901
0.8894
0.8894
0.8901
0.8976
0.9081
0.9128
0.9081
0.8978
0.8920
0.8978
0.9083
0.9147
0.9165
0.9167
0.9165
0.9145
0.9064
0.8893
0.8712
0.8648
0.8705
0.8818
0.8957
0.9081
0.9147
0.9165
0.9167
0.9167
0.9167
0.9165
0.9147
0.9083
0.8978
0.8920
0.8978
0.9081
0.9128
0.9080
0.8955
0.8796
0.8601
0.8355
0.8172
0.8164
0.8252
0.8314
0.8330
0.8312
0.8232
0.8080
0.7980
0.8806
0.8963
0.9421
0.9435
0.9398
0.9316
0.9190
0.8751
0.8608
0.8575
0.8333
