0.9024
0.9148
0.9148
0.9150
0.9134
0.9121
0.9125
0.9206
0.9246
0.9232
0.9211
0.9234
0.9269
0.9265
0.9246
0.9243
0.9232
0.9198
0.9198
0.9239
0.9284
0.9322
0.9418
0.9426
0.9444
0.9429
0.9406
0.9412
0.9397
0.9404
0.9381
0.9354
0.9345
0.9346
0.9349
0.9358
0.9360
0.9365
0.9351
0.9348
0.9334
0.9344
0.9374
0.9405
0.9417
0.9412
0.9419
0.9412
0.9391
0.9368
0.9358
0.9353
0.9335
0.9328
0.9315
0.9277
0.9281
0.9289
0.9291
0.9285
0.9310
0.9306
0.9290
0.9264
0.9239
0.9210
0.9189
0.9190
0.9206
0.9206
0.9179
0.9141
0.9100
0.9071
0.9060
0.9064
0.9023
0.9004
0.9013
0.9040
0.9051
0.9029
0.9006
0.9015
0.9052
0.9088
0.9102
0.9092
0.9054
0.8985
0.8903
0.8792
0.8657
0.8520
0.8430
0.8351
0.8312
0.8237
0.8271
0.8239
0.8336
0.8378
0.8434
0.8434
0.8434
0.8445
0.8355
0.8252
0.8178
