0.9444
0.9424
0.9249
0.9187
0.9206
0.9203
0.9146
0.9115
0.9166
0.9259
0.9433
0.9644
0.9659
0.9667
0.9664
0.9698
0.9777
0.9879
0.9957
0.9991
0.9999
1.0000
0.9999
0.9992
0.9965
0.9922
0.9894
0.9919
0.9964
0.9992
0.9999
1.0000
1.0000
1.0000
0.9999
0.9992
0.9963
0.9911
0.9859
0.9838
0.9857
0.9894
0.9891
0.9821
0.9743
0.9702
0.9686
0.9659
0.9637
0.9630
0.9630
0.9630
0.9639
0.9676
0.9760
0.9868
0.9935
0.9907
0.9785
0.9651
0.9592
0.9586
0.9598
0.9576
0.9527
0.9492
0.9481
0.9453
0.9398
0.9333
0.9242
0.9219
0.9177
0.9167
0.9157
0.9125
0.9073
0.9054
0.9124
0.9272
0.9427
0.9530
0.9573
0.9582
0.9583
0.9583
0.9582
0.9574
0.9522
0.9467
0.9437
0.9467
0.9523
0.9565
0.9609
0.9674
0.9736
0.9751
0.9683
0.9521
0.9328
0.9195
0.9103
0.9092
0.9091
0.9091
0.9091
0.9091
0.9091
0.9091
0.9091
0.9091
0.9091
0.9091
0.9091
0.9091
0.9091
0.9091
0.9091
0.9091
0.9091
0.9524
0.9524
0.9524
0.9525
0.9513
0.9563
0.9676
0.9823
0.9925
0.9923
0.9811
0.9626
0.9448
0.9353
0.9337
0.9321
0.9218
0.8996
