0.8659
0.8616
0.8564
0.8540
0.8593
0.8705
0.8734
0.8685
0.8664
0.8684
0.8658
0.8555
0.8453
0.8427
0.8445
0.8445
0.8441
0.8452
0.8436
0.8394
0.8414
0.8547
0.8699
0.8678
0.8507
0.8292
0.8145
0.8123
0.8215
0.8337
0.8412
0.8442
0.8486
0.8541
0.8523
0.8414
0.8282
0.8293
0.8283
0.8281
0.8232
0.8138
0.8032
0.7917
0.7872
0.7895
0.7974
0.8057
0.8082
0.8121
0.8053
0.8022
0.8023
0.8043
0.8047
0.8016
0.7997
0.8000
0.7956
0.7918
0.7905
0.7894
0.7925
0.7966
0.8011
0.8019
0.7976
0.7915
0.7858
0.7813
0.7808
0.7849
0.7907
0.7942
0.7997
0.7980
0.7890
0.7789
0.7711
0.7671
0.7790
0.7890
0.7948
0.8070
0.8010
0.7948
0.7924
0.7911
0.7875
0.7954
0.7940
0.7971
0.8022
0.8076
0.8081
0.8091
0.8073
0.8012
0.8024
0.8082
0.8127
0.8118
0.8074
0.7991
0.7849
0.7695
0.7616
0.7626
0.7699
0.7812
0.7898
0.7897
0.7855
0.7823
0.7829
0.7838
0.7780
0.7846
0.7926
0.7945
0.7911
0.7900
0.7938
0.7983
0.8004
0.7974
0.8013
0.8098
0.8182
0.8220
0.8224
0.8216
0.8229
0.8271
0.8302
0.8288
0.8240
0.8189
0.8175
0.8214
0.8277
0.8323
0.8423
0.8503
0.8505
0.8417
0.8366
0.8353
0.8349
0.8302
0.8202
0.8067
0.8029
0.7986
0.8088
0.8181
0.8178
0.8082
0.8000
0.8012
0.8068
0.8229
0.8131
0.8278
0.8537
0.8554
0.8502
0.8379
0.8356
0.8365
0.8355
0.8302
