0.9524
0.9323
0.8993
0.8487
0.7931
0.7576
0.7451
0.7427
0.7454
0.7496
0.7499
0.7492
0.7494
0.7439
0.7343
0.7326
0.7347
0.7471
0.7620
0.7750
0.7839
0.7870
0.7840
0.7762
0.7674
0.7605
0.7581
0.7674
0.7791
0.8069
0.8249
0.8317
0.8318
0.8265
0.8152
0.8044
0.8057
0.8222
0.8459
0.8666
0.8762
0.8749
0.8724
0.8762
0.8818
0.8792
0.8621
0.8319
0.7975
0.7680
0.7503
0.7489
0.7596
0.7709
0.7764
0.7778
0.7792
0.7848
0.7973
0.8138
0.8264
0.8318
0.8318
0.8265
0.8149
0.7901
0.7808
0.7748
0.7681
0.7598
0.7490
0.7382
0.7354
0.7475
0.7686
0.7843
0.7880
0.7867
0.7914
0.8042
0.8163
0.8220
0.8234
0.8235
0.8235
0.8235
0.8235
0.8235
0.8125
0.8125
0.8125
0.8125
0.8125
0.8125
0.8124
0.8109
0.8047
0.7903
0.7707
0.7532
0.7453
0.7537
0.7763
0.7984
0.8095
0.8122
0.8125
0.8125
0.8125
0.8125
0.8125
0.8125
0.8125
0.8126
0.8141
0.8203
0.8345
0.8530
0.8672
0.8734
0.8749
0.8749
0.8734
0.8672
0.8531
0.8361
0.8282
0.8361
0.8531
0.8670
0.9316
0.9332
0.9333
0.9333
0.9333
0.9333
0.9333
0.9333
0.9333
0.9333
0.9333
0.9333
0.9333
0.9333
0.9333
0.9333
0.9333
0.9333
0.9333
0.9333
0.9332
0.9318
0.9267
0.9182
0.9136
0.9182
0.9265
0.9302
0.9265
0.9182
0.9138
0.9190
0.9278
0.9284
0.9268
0.9196
0.9034
0.8823
0.8661
0.8583
0.9231
0.9231
0.9231
0.9231
0.9231
0.9231
0.9231
0.9229
0.9211
0.9133
0.8942
0.8657
0.8402
0.8332
0.8483
0.8708
0.8891
0.9055
0.9247
0.9464
0.9631
0.9631
0.9464
0.9250
0.9096
0.9102
0.9327
0.9652
0.9886
0.9979
0.9998
1.0000
1.0000
1.0000
1.0000
1.0000
1.0000
1.0000
1.0000
0.9998
0.9979
0.9895
0.9706
0.9460
0.9271
0.9188
0.9168
0.9167
0.9167
0.9167
0.9167
0.9167
0.9167
0.9167
0.9167
0.9167
0.9167
1.0000
1.0000
1.0000
1.0000
1.0000
1.0000
1.0000
1.0000
1.0000
0.9998
0.9975
0.9865
0.9582
1.0000
1.0000
1.0000
0.9998
0.9977
0.9898
0.9750
0.9604
0.9547
0.9604
0.9750
0.9898
0.9977
0.9998
1.0000
1.0000
1.0000
1.0000
1.0000
1.0000
1.0000
1.0000
1.0000
1.0000
1.0000
1.0000
1.0000
1.0000
1.0000
1.0000
0.9998
0.9972
0.9853
0.9571
0.9228
0.9082
0.9218
0.9456
0.9601
0.9569
0.9450
0.9427
0.9445
0.9274
0.8929
0.8642
0.8483
0.8323
0.8123
0.8034
0.8092
0.8129
0.8077
0.8023
0.8028
0.8123
0.8325
0.8497
0.8397
0.7977
0.7501
0.7276
0.7380
0.7650
0.7874
0.7977
0.8021
0.8100
0.8227
0.8295
0.8227
0.8100
0.8023
0.8000
