0.9444
0.9173
0.8922
0.8526
0.7880
0.7290
0.7165
0.7461
0.8172
0.8147
0.8320
0.8373
0.9326
0.9214
0.8880
0.8620
0.8653
0.8863
0.8928
0.8707
0.8426
0.8141
0.8495
0.8844
0.8931
0.8767
0.8502
0.8296
0.8205
0.8184
0.8182
0.8182
0.8182
0.8182
0.8182
0.8180
0.8161
0.8091
0.7974
0.7892
0.7885
0.7885
0.7890
0.7951
0.7977
0.7840
0.7591
0.7387
0.7296
0.7273
0.7252
0.7182
0.6773
0.6705
0.6773
0.6900
0.6977
0.6996
0.6975
0.6877
0.6673
0.6478
0.6476
0.6650
0.6774
0.6720
0.6554
0.6319
0.6000
0.5681
0.5446
0.5280
0.5228
0.5376
0.5650
0.5872
0.5951
0.5898
0.5773
0.5705
0.5771
0.5874
0.5853
0.5671
0.5476
0.5455
0.5571
0.6249
0.6173
0.6049
0.5975
0.6061
0.6301
0.6530
0.6638
0.6664
0.6667
0.6664
0.6641
0.6555
0.6415
0.6338
0.6415
0.6555
0.6638
0.6638
0.6555
0.6415
0.6341
0.6443
0.6695
0.7032
0.7384
0.7638
0.7750
0.7775
0.7778
0.7775
0.8718
0.8590
0.8278
0.7786
0.7248
0.6879
0.6850
0.7091
0.7346
0.7468
0.7497
0.7500
0.7500
0.7500
0.7500
0.7500
0.7500
0.7500
0.7497
0.7471
0.7378
0.7248
0.7288
0.7657
0.8185
0.8564
0.8715
0.8747
0.8750
0.8750
0.8750
0.8750
0.8750
0.8750
0.8747
0.8718
0.8596
0.8341
0.8097
0.8097
0.8341
0.8596
0.8718
0.8747
0.8750
0.8750
0.8750
0.8750
0.8750
0.8750
0.8750
0.8750
0.8750
0.8747
0.8718
0.8593
0.8310
0.7940
0.7657
0.7532
0.7503
0.7500
0.7500
0.7500
0.7143
0.7143
0.7146
0.7182
0.7355
0.7800
0.8333
0.8330
0.8287
0.8085
0.7583
0.6918
0.6593
0.6918
0.7579
0.8047
0.8137
0.7547
0.7413
0.7570
0.7834
