0.9238
0.9214
0.9216
0.9229
0.9247
0.9251
0.9256
0.9264
0.9296
0.9314
0.9318
0.9319
0.9332
0.9387
0.9417
0.9416
0.9405
0.9394
0.9415
0.9433
0.9446
0.9465
0.9483
0.9496
0.9512
0.9506
0.9500
0.9495
0.9496
0.9477
0.9477
0.9484
0.9492
0.9482
0.9474
0.9471
0.9472
0.9475
0.9471
0.9447
0.9441
0.9424
0.9431
0.9442
0.9435
0.9417
0.9405
0.9391
0.9415
0.9423
0.9449
0.9469
0.9474
0.9488
0.9490
0.9474
0.9474
0.9458
0.9452
0.9433
0.9414
0.9392
0.9368
0.9369
0.9327
0.9236
0.9104
0.8970
0.8842
0.8724
0.8598
0.8551
0.8502
0.8510
0.8478
0.8501
0.8491
0.8493
0.8407
0.8442
0.8401
