0.9044
0.9229
0.9273
0.9288
0.9257
0.9261
0.9243
0.9238
0.9290
0.9326
0.9328
0.9292
0.9263
0.9207
0.9162
0.9144
0.9153
0.9185
0.9129
0.9114
0.9083
0.9100
0.9141
0.9179
0.9195
0.9236
0.9247
0.9248
0.9235
0.9215
0.9209
0.9205
0.9190
0.9194
0.9196
0.9235
0.9211
0.9209
0.9159
0.9133
0.9166
0.9163
0.9130
0.9121
0.9072
0.9056
0.9070
0.9107
0.9099
0.9094
0.9102
0.9184
0.9191
0.9193
0.9163
0.9116
0.9085
0.9016
0.8988
0.8977
0.8935
0.8865
0.8828
0.8823
0.8824
0.8782
0.8775
0.8876
0.8877
0.8879
0.8880
0.8882
0.8867
0.8863
0.8805
0.8803
0.8775
0.8805
0.8845
0.8910
0.8902
0.8899
0.8922
0.8860
0.8791
0.8768
0.8724
0.8679
0.8665
0.8652
0.8594
0.8612
0.8651
0.8721
0.8882
0.8887
0.8852
0.8719
0.8661
0.8683
0.8717
0.8685
0.8659
0.8694
0.8713
0.8526
0.8279
