1.0000
0.9083
0.8691
0.8662
0.8708
0.8669
0.8530
0.8345
0.8203
0.8001
0.7935
0.7850
0.7819
0.7917
0.8100
0.8247
0.8285
0.8197
0.8016
0.7871
0.7863
0.7916
0.7885
0.7697
0.7417
0.7220
0.7199
0.7268
0.7315
0.7302
0.7018
0.6910
0.6991
0.7370
0.7860
0.8058
0.8186
0.8215
0.8285
0.8383
0.8293
0.8227
0.8036
0.7755
0.7438
0.7141
0.6988
0.7018
0.7040
0.6921
0.6768
0.6690
0.6690
0.6771
0.6960
0.7206
0.7395
0.7479
0.7496
0.7481
0.7417
0.7311
0.7254
0.7311
0.7415
0.7461
0.7415
0.7309
0.7233
0.7206
0.7123
0.6941
0.6769
0.6686
0.6647
0.6562
0.6375
0.6146
0.6021
0.6043
0.6081
0.6022
0.5917
0.5853
0.5457
0.5455
0.5455
0.5455
0.5453
0.5433
0.5364
0.5248
0.5186
0.5248
0.5364
0.5433
0.5455
0.5478
0.5569
0.5775
0.6043
0.6250
0.6341
0.6364
0.6387
0.6478
0.6684
0.6952
0.7159
0.7250
0.7271
0.7273
0.7273
0.7273
0.7273
0.7273
0.7273
0.7273
0.7273
0.7273
0.7273
0.7273
0.7273
0.7273
0.7273
0.7273
0.7273
0.7273
0.7273
0.7273
0.7273
0.7273
0.7273
0.7271
0.7250
0.7161
0.6974
0.6777
0.6707
0.6770
0.6892
0.7043
0.7180
0.7252
0.7271
0.7273
0.7275
0.7296
0.7385
0.7572
0.7771
0.7862
0.7890
0.7974
0.8089
0.8140
0.8089
0.7976
0.7913
0.7976
0.8091
0.8161
0.8180
0.8182
0.8000
0.8000
0.8000
0.8000
0.7998
0.7975
0.8749
0.8497
0.8169
0.7917
0.7806
0.7780
0.7778
0.7778
0.7778
0.7778
0.7778
0.7778
0.7778
0.7778
0.7778
0.7778
0.7778
0.7778
0.7778
0.7778
0.7778
0.7778
0.7778
0.7778
0.7778
0.7778
0.7778
0.7778
0.7778
0.7778
0.7778
0.7778
0.7778
0.7778
0.7778
0.7778
0.7778
0.7778
0.7775
0.7750
0.7641
0.7415
0.7198
0.7198
0.7415
0.7641
0.7750
0.7775
0.7780
0.7806
0.7917
0.8167
0.8469
0.8610
0.8472
0.8195
0.8057
0.8197
0.8500
0.8749
0.8861
0.8886
0.8889
0.8889
0.8889
0.8889
0.8889
0.8889
0.8889
0.8889
0.8889
0.8889
0.8889
0.8889
0.8889
0.8889
0.8889
0.8889
0.8889
0.8889
0.8889
0.8889
0.8889
0.8889
0.8889
0.8889
0.8889
0.8889
0.8889
0.8889
0.8889
0.8889
0.8889
0.8889
0.8889
0.8884
0.8835
0.8636
0.8220
0.7730
0.7413
0.7367
0.7505
0.7692
0.7889
0.8138
0.8360
0.8384
0.8252
0.8167
0.8134
0.8032
0.7889
0.7804
0.7780
0.7778
0.7778
0.7778
0.7778
0.7778
0.7500
0.7500
0.7500
0.7497
0.7468
0.7343
0.7060
0.6690
0.6407
0.6282
0.6253
0.6253
0.6282
0.6407
0.6693
0.7091
0.7500
0.7909
0.8307
0.8593
0.8718
0.8747
0.8750
0.8750
0.8750
0.8747
0.8721
0.8625
0.8467
0.8378
0.8435
0.8468
0.8035
0.7643
0.6876
0.6709
0.6670
0.6000
