0.8906
0.8844
0.8875
0.9018
0.9063
0.9074
0.8999
0.8863
0.8760
0.8690
0.8733
0.8857
0.9018
0.9132
0.9181
0.9183
0.9330
0.9429
0.9517
0.9601
0.9678
0.9697
0.9640
0.9556
0.9496
0.9457
0.9417
0.9382
0.9372
0.9415
0.9483
0.9567
0.9646
0.9684
0.9672
0.9648
0.9647
0.9660
0.9672
0.9697
0.9736
0.9772
0.9790
0.9768
0.9682
0.9550
0.9427
0.9353
0.9311
0.9279
0.9279
0.9311
0.9353
0.9413
0.9533
0.9575
0.9618
0.9646
0.9650
0.9633
0.9600
0.9573
0.9562
0.9578
0.9590
0.9563
0.9526
0.9521
0.9550
0.9591
0.9605
0.9575
0.9558
0.9583
0.9632
0.9657
0.9624
0.9570
0.9526
0.9510
0.9521
0.9550
0.9579
0.9578
0.9550
0.9494
0.9446
0.9434
0.9445
0.9464
0.9463
0.9469
0.9441
0.9398
0.9333
0.9243
0.9237
0.9183
0.9415
0.9477
0.9500
0.9474
0.9473
0.9439
0.9361
0.9252
0.9151
0.9072
0.9269
0.9763
0.9740
0.9616
0.9524
