1.0000
0.9810
0.9601
0.9406
0.9267
0.9181
0.9118
0.9043
0.8893
0.8689
0.8608
0.9113
0.9352
0.9416
0.9375
0.9328
0.9342
0.9410
0.9426
0.9232
0.9061
0.9031
0.9107
0.9198
0.9205
0.9350
0.9547
0.9701
0.9799
0.9798
0.9682
0.9605
0.9698
0.9867
0.9969
0.9997
1.0000
1.0000
1.0000
1.0000
1.0000
1.0000
1.0000
1.0000
1.0000
1.0000
1.0000
1.0000
1.0000
1.0000
1.0000
1.0000
1.0000
1.0000
1.0000
1.0000
1.0000
0.9998
0.9983
0.9929
0.9838
0.9789
0.9838
0.9929
0.9983
0.9997
0.9982
0.9923
0.9826
0.9773
0.9826
0.9921
0.9964
0.9921
0.9826
0.9773
0.9826
0.9923
0.9980
0.9980
0.9923
0.9826
0.9773
0.9826
0.9923
0.9982
0.9998
1.0000
0.9998
0.9982
0.9923
0.9826
0.9771
0.9808
0.9846
0.9808
0.9771
0.9826
0.9923
0.9981
0.9998
1.0000
1.0000
1.0000
1.0000
0.9998
0.9979
0.9909
0.9790
0.9714
0.9775
1.0000
1.0000
1.0000
1.0000
1.0000
1.0000
1.0000
1.0000
1.0000
1.0000
1.0000
1.0000
1.0000
1.0000
1.0000
1.0000
1.0000
1.0000
1.0000
1.0000
1.0000
1.0000
1.0000
1.0000
1.0000
1.0000
1.0000
1.0000
1.0000
1.0000
1.0000
1.0000
1.0000
1.0000
1.0000
1.0000
1.0000
1.0000
1.0000
1.0000
1.0000
1.0000
1.0000
1.0000
1.0000
1.0000
1.0000
