0.8571
0.8986
0.9204
0.9314
0.9329
0.9314
0.9265
0.9381
0.9579
0.9636
0.9290
0.8621
0.8384
0.8256
0.8366
0.8482
0.8725
0.8893
0.8887
0.8900
0.8947
0.8987
0.9014
0.9067
0.9150
0.9181
0.9083
0.8902
0.8767
0.8767
0.8825
0.9034
0.9134
0.9211
0.9229
0.9231
0.9229
0.9211
0.9136
0.8978
0.8811
0.8752
0.8805
0.8818
0.8957
0.9080
0.9126
0.9060
0.8873
0.8621
0.8376
0.8060
0.7318
0.6668
0.6294
0.6371
0.6729
0.7066
0.7228
0.7267
0.7250
0.7161
0.6976
0.6798
0.6476
0.6648
0.6751
0.6622
0.6350
0.6126
0.6028
0.6025
0.6102
0.6250
0.6398
0.6479
0.6521
0.6602
0.6750
0.6898
0.6977
0.6998
0.7000
0.7000
0.7000
0.7000
0.7000
0.7000
0.7000
0.7000
0.6998
0.6977
0.6900
0.6771
0.6681
0.6673
0.6673
0.6681
0.6769
0.6874
0.6851
0.6648
0.6378
0.6251
0.6380
0.6675
0.6998
0.7299
0.7499
0.7429
0.7104
0.7447
0.7500
0.7555
0.7500
0.7447
0.7523
0.7641
0.7638
0.7498
0.7338
0.7274
0.7338
0.7500
0.7664
0.7752
0.7775
0.7775
0.7750
0.7638
0.7389
0.7086
0.6561
0.6690
0.6908
0.6935
0.6815
0.6844
0.7089
0.7314
0.7309
0.7028
0.6568
0.6153
0.6903
0.7182
0.7601
0.7934
0.7863
0.7919
0.7583
0.7081
0.6970
0.7411
0.7961
0.8249
0.8284
0.8120
0.7704
0.7052
0.6374
0.6048
0.6387
0.7198
0.7451
0.7652
0.7329
0.6855
0.6458
0.5965
0.6406
0.6842
