0.8966
0.8917
0.8838
0.8805
0.8759
0.8758
0.8811
0.8846
0.8887
0.8848
0.8802
0.8794
0.8869
0.8926
0.8961
0.8978
0.8984
0.8964
0.8922
0.8868
0.8811
0.8840
0.8839
0.8885
0.8908
0.8910
0.8921
0.8936
0.8974
0.8977
0.8986
0.9031
0.9043
0.9051
0.9055
0.9063
0.9088
0.9112
0.9108
0.9106
0.9145
0.9160
0.9137
0.9105
0.9121
0.9136
0.9129
0.9123
0.9161
0.9120
0.9082
0.9059
0.9036
0.9025
0.9012
0.8985
0.8993
0.8994
0.9023
0.9014
0.8982
0.8917
0.8829
0.8767
0.8756
0.8773
0.8808
0.8842
0.8870
0.8879
0.8862
0.8807
0.8795
0.8786
0.8820
0.8852
0.8883
0.8850
0.8792
0.8702
0.8629
0.8586
0.8600
0.8621
0.8673
0.8617
0.8512
0.8475
0.8541
0.8569
0.8605
0.8607
0.8649
0.8649
0.8626
0.8589
0.8552
0.8560
0.8621
0.8677
0.8725
0.8705
0.8638
0.8565
0.8468
0.8369
0.8325
0.8328
0.8288
0.8345
0.8339
0.8329
0.8339
0.8179
