0.9444
0.9003
0.8760
0.8905
0.8809
0.8649
0.8501
0.8435
0.8384
0.8265
0.8093
0.7921
0.7787
0.7738
0.7778
0.7862
0.7964
0.8044
0.8141
0.8255
0.8340
0.8381
0.8413
0.8470
0.8565
0.8649
0.8773
0.8808
0.8744
0.8729
0.8831
0.8945
0.9028
0.9065
0.9072
0.9056
0.8991
0.8860
0.8733
0.8702
0.8750
0.8751
0.8628
0.8455
0.8372
0.8416
0.8520
0.8640
0.8758
0.8851
0.8916
0.8963
0.8961
0.8845
0.8761
0.8720
0.8683
0.8636
0.8590
0.8669
0.8752
0.8798
0.8778
0.8772
0.8633
0.8346
0.8108
0.8145
0.8440
0.9101
0.9247
0.9132
0.8962
0.8869
0.8892
0.9047
0.9078
0.8954
0.9222
0.9213
0.9223
0.9264
0.9341
0.9408
0.9409
0.9351
0.9253
0.9185
0.9003
0.9163
0.9058
0.8913
0.8749
0.8648
0.8616
0.8544
0.8373
0.8204
0.8223
0.8504
0.8880
0.9116
0.9192
0.9202
0.9146
0.9017
0.8896
0.8840
0.8837
0.8869
0.8898
0.8864
0.8784
0.8764
0.8852
0.9017
0.9188
0.9264
0.9190
0.9031
0.8912
0.8912
0.9032
0.9203
0.9322
0.9311
0.9158
0.8958
0.8872
0.8951
0.9091
0.9162
0.9080
0.9360
0.9374
0.9375
0.9375
0.9375
0.9375
0.9375
0.9375
0.9374
0.9360
0.9312
0.9233
0.9189
0.9217
0.9234
0.9140
0.8970
0.8843
0.8827
0.8877
0.8859
0.8702
0.8549
0.8578
0.8717
0.8749
0.8626
0.8457
0.8354
0.8408
0.8599
0.8835
0.9084
0.9264
0.9385
0.9504
0.9642
0.9805
1.0000
1.0000
1.0000
1.0000
0.9996
0.9961
0.9818
0.9588
0.9463
0.9588
0.9818
0.9958
0.9996
0.9998
0.9979
0.9909
0.9794
0.9731
0.9794
0.9909
0.9979
0.9996
0.9979
0.9907
0.9773
0.9640
0.9588
0.9640
0.9773
0.9905
0.9956
0.9884
0.9680
0.9411
0.9203
0.9093
0.8902
0.8769
0.8686
0.8755
0.8917
0.9028
0.9190
0.9560
0.9843
0.9968
0.9997
1.0000
1.0000
0.9997
0.9971
0.9875
0.9717
0.9631
0.9717
0.9875
0.9971
0.9997
1.0000
1.0000
1.0000
1.0000
1.0000
1.0000
0.9997
0.9971
0.9875
0.9717
0.9631
0.9714
0.9843
0.9817
0.9586
0.9318
0.9222
0.9308
0.9476
0.9685
0.9872
0.9971
0.9995
0.9968
0.9846
0.9591
0.9347
0.9347
0.9591
0.9846
0.9968
0.9997
0.9964
0.9818
0.9460
0.8887
0.9455
0.9455
0.9469
0.9618
0.9833
0.9961
0.9996
1.0000
1.0000
0.9996
0.9961
0.9800
0.9433
0.9261
0.9428
0.9692
0.9692
0.9428
0.9261
0.9428
0.9686
0.9634
0.9178
0.8694
0.8694
0.9183
0.9692
0.9936
0.9995
1.0000
1.0000
1.0000
1.0000
1.0000
1.0000
1.0000
1.0000
1.0000
1.0000
1.0000
1.0000
1.0000
1.0000
1.0000
