0.9302
0.9354
0.9430
0.9499
0.9537
0.9545
0.9557
0.9597
0.9628
0.9616
0.9578
0.9565
0.9562
0.9514
0.9445
0.9411
0.9445
0.9486
0.9507
0.9494
0.9462
0.9432
0.9424
0.9432
0.9425
0.9496
0.9514
0.9572
0.9669
0.9747
0.9733
0.9613
0.9464
0.9390
0.9413
0.9480
0.9537
0.9596
0.9654
0.9676
0.9675
0.9653
0.9605
0.9527
0.9443
0.9511
0.9556
0.9588
0.9580
0.9575
0.9589
0.9603
0.9589
0.9539
0.9485
0.9484
0.9552
0.9611
0.9593
0.9521
0.9472
0.9452
0.9455
0.9471
0.9490
0.9488
0.9463
0.9411
0.9356
0.9317
0.9260
0.9182
0.9165
0.9260
0.9432
0.9495
0.9543
0.9561
0.9547
0.9540
0.9561
0.9583
0.9566
0.9520
0.9465
0.9435
0.9450
0.9487
0.9488
0.9425
0.9334
0.9308
0.9347
0.9406
0.9452
0.9472
0.9438
0.9368
0.9347
0.9418
0.9513
0.9532
0.9480
0.9465
0.9528
0.9566
0.9513
0.9372
0.9259
0.9256
0.9355
0.9467
0.9516
0.9507
0.9493
0.9485
0.9450
0.9378
0.9313
0.9299
0.9347
0.9405
0.9580
0.9549
0.9416
0.9388
0.9363
0.9362
0.9331
0.9283
0.9258
0.9261
0.9278
0.9296
0.9321
0.9344
0.9330
0.9288
0.9279
0.9329
0.9386
0.9392
0.9324
0.9203
0.9096
0.9066
0.9105
0.9156
0.9179
0.9190
0.9226
0.9293
0.9368
0.9434
0.9495
0.9551
0.9575
0.9543
0.9491
0.9453
0.9457
0.9501
0.9539
0.9494
0.9443
0.9441
0.9475
0.9497
0.9494
0.9485
0.9496
0.9504
0.9620
0.9525
0.9452
0.9479
0.9578
0.9643
0.9657
0.9659
0.9657
0.9844
0.9829
0.9835
0.9824
0.9765
0.9692
0.9660
0.9675
0.9719
0.9777
0.9812
0.9809
0.9811
0.9857
0.9897
0.9898
0.9871
0.9839
0.9822
0.9835
0.9866
0.9923
0.9942
0.9993
0.9964
0.9887
0.9768
0.9666
0.9626
0.9608
0.9553
0.9521
0.9612
0.9784
0.9889
0.9856
0.9743
0.9681
0.9744
0.9868
0.9952
0.9957
0.9886
0.9768
0.9667
0.9644
0.9677
0.9725
0.9739
0.9706
0.9640
0.9593
0.9614
0.9680
0.9719
0.9705
0.9709
0.9777
0.9859
0.9828
0.9800
0.9808
0.9814
0.9777
0.9718
0.9705
0.9770
0.9852
0.9874
0.9843
0.9809
0.9794
0.9799
0.9815
0.9795
0.9746
0.9742
0.9810
0.9901
0.9960
0.9960
0.9906
0.9824
0.9749
0.9705
0.9701
0.9733
0.9783
0.9830
0.9770
0.9690
0.9629
0.9601
0.9596
0.9601
0.9621
0.9649
0.9642
0.9574
0.9514
0.9554
0.9674
0.9756
0.9717
0.9579
0.9433
0.9395
0.9498
0.9642
0.9772
0.9807
0.9766
0.9738
0.9757
0.9719
0.9728
0.9819
0.9913
0.9919
0.9844
0.9769
0.9741
0.9734
0.9735
0.9757
0.9773
0.9751
0.9710
0.9684
0.9663
0.9613
0.9529
0.9464
0.9425
0.9346
0.9239
0.9222
0.9350
0.9558
0.9738
0.9840
0.9877
0.9856
0.9782
0.9999
0.9992
0.9959
0.9891
0.9825
0.9818
0.9858
0.9883
0.9885
0.9883
0.9858
0.9817
0.9810
0.9824
0.9807
0.9787
0.9813
0.9842
0.9819
0.9763
0.9729
0.9731
0.9742
0.9727
0.9663
0.9569
0.9527
0.9574
0.9668
0.9776
0.9882
0.9958
0.9991
0.9991
0.9965
0.9913
0.9855
0.9800
0.9724
0.9625
0.9541
0.9522
0.9608
0.9679
0.9724
0.9692
