0.8182
0.7745
0.7750
0.7979
0.8049
0.7857
0.7663
0.7604
0.7624
0.7789
0.7931
0.7957
0.8084
0.8374
0.8785
0.9068
0.9154
0.9110
0.9053
0.9006
0.8940
0.8956
0.8969
0.8904
0.8778
0.8658
0.8602
0.8661
0.8813
0.8977
0.9125
0.9297
0.9489
0.9574
0.9583
0.9545
0.9519
0.9537
0.9556
0.9537
0.9519
0.9546
0.9593
0.9621
0.9628
0.9620
0.9583
0.9500
0.9398
0.9343
0.9353
0.9370
0.9343
0.9296
0.9267
0.9251
0.9212
0.9119
0.8974
0.8814
0.8706
0.8707
0.8822
0.9002
0.9165
0.9226
0.9162
0.9033
0.9239
0.9221
0.9174
0.9066
0.8932
0.8858
0.8835
0.8770
0.8676
0.8663
0.8770
0.8934
0.9086
0.9181
0.9211
0.9182
0.9105
0.8991
0.8991
0.9068
0.9141
0.9150
0.9487
0.9450
0.9437
0.9393
0.9283
0.9123
0.8926
0.8732
0.8603
0.8543
0.8501
0.8447
0.8419
0.8449
0.8520
0.8627
0.8792
0.8977
0.9105
0.9155
0.9166
0.9167
0.9167
0.9167
0.9167
0.9167
0.9167
0.9167
0.9166
0.9155
0.9106
0.8989
0.8854
0.8816
0.8893
0.8958
0.8919
0.8777
0.8586
0.8439
0.8406
0.8481
0.8592
0.8635
0.8540
0.8334
0.8137
0.8084
0.8221
0.8448
0.8603
0.8624
0.8574
0.8517
0.8461
0.8752
0.8638
0.8549
0.8597
0.8772
0.8957
0.9063
0.9066
0.8987
0.8903
0.8903
0.8987
0.9067
0.9076
0.9030
0.8991
0.8978
0.8944
0.8882
0.8849
0.8845
0.8839
0.8840
0.8856
0.8904
0.9045
0.9258
0.9402
0.9391
0.9293
0.9240
0.9294
0.9402
0.9456
0.9401
0.9283
0.9185
0.9141
0.9131
0.9130
0.9129
0.9120
0.9087
0.9031
0.8991
0.8977
0.8935
0.8850
0.8803
0.8850
0.8935
0.8976
0.8981
0.8987
0.8987
0.8981
0.8976
0.8935
0.8849
0.8793
0.8805
0.8826
0.8804
0.8784
0.8814
0.8858
0.8852
0.8815
0.8821
0.8885
0.9000
0.9070
0.9089
0.9091
0.9091
0.9091
0.9091
0.9091
0.9091
0.9091
0.9091
0.9091
0.9090
0.9080
0.9045
0.8988
0.8957
0.8988
0.9045
0.9080
0.9090
0.9090
0.9079
0.9035
0.8942
0.8854
0.8853
0.8931
0.8978
0.8919
0.8736
0.8538
0.8402
0.8226
0.8068
0.7914
0.7810
0.7707
0.8157
0.8384
0.8737
0.8859
0.8704
0.8521
0.8371
0.8730
0.8586
0.8423
0.8203
0.7995
0.7898
0.7957
