0.7826
0.8091
0.8303
0.8472
0.8630
0.8802
0.8957
0.9031
0.9020
0.8990
0.8978
0.8944
0.8881
0.8839
0.8802
0.8740
0.8709
0.8737
0.8763
0.8784
0.8858
0.8977
0.9066
0.9076
0.9031
0.9001
0.9022
0.9042
0.9012
0.8957
0.8933
0.8958
0.9022
0.9086
0.9119
0.9118
0.9076
0.8977
0.8849
0.8750
0.8707
0.8698
0.8707
0.8749
0.8837
0.8914
0.8890
0.8798
0.8797
0.8920
0.8839
0.8673
0.8524
0.8499
0.8618
0.8817
0.8987
0.9069
0.9089
0.9091
0.9091
0.9091
0.9091
0.9091
0.9091
0.9091
0.9091
0.9091
0.9090
0.9079
0.9034
0.8932
0.8808
0.8750
0.8808
0.8932
0.9034
0.9079
0.9090
0.9091
0.9090
0.9079
0.9034
0.8932
0.8807
0.8739
0.8752
0.8783
0.8796
0.8839
0.8908
0.8875
0.8657
0.8378
0.8250
0.8320
0.8468
0.8578
0.8626
0.8647
0.8693
0.8796
0.8931
0.9034
0.9080
0.9100
0.9137
0.9206
0.9282
0.9354
0.9431
0.9499
0.9535
0.9544
0.9545
0.9545
0.9545
0.9545
0.9544
0.9535
0.9500
0.9442
0.9411
0.9442
0.9500
0.9534
0.9534
0.9500
0.9442
0.9411
0.9442
0.9500
0.9535
0.9544
0.9545
0.9545
0.9545
0.9545
0.9545
0.9545
0.9545
0.9545
0.9545
0.9545
0.9545
0.9545
0.9545
0.9545
0.9545
0.9545
0.9545
0.9545
0.9545
0.9545
0.9545
0.9546
0.9557
0.9603
0.9706
0.9840
0.9943
0.9988
0.9999
0.9999
0.9988
0.9943
0.9840
0.9705
0.9592
0.9511
0.9432
0.9354
0.9282
0.9206
0.9137
0.9101
0.9092
0.9091
0.9091
0.9090
0.9079
0.9035
0.8942
0.8854
0.8854
0.8942
0.9035
0.9079
0.9090
0.9091
0.9091
0.9091
0.9091
0.9091
0.9091
0.9091
0.9091
0.9091
0.9091
0.9091
0.9091
0.9091
0.9091
0.9091
0.9091
0.9091
0.9091
0.9091
0.9091
0.9091
0.9090
0.9079
0.9035
0.8942
0.8854
0.8854
0.8942
0.9035
0.9079
0.9090
0.9091
0.9091
0.9090
0.9080
0.9045
0.8988
0.8957
0.8988
0.9000
0.9037
0.9047
0.9048
0.9048
0.9048
0.9048
0.9047
0.9037
0.8999
0.8929
0.8859
0.8832
0.8859
0.8929
0.8999
0.9037
0.9048
0.9059
0.9095
0.9155
0.9177
0.9108
0.8986
0.8906
0.8881
0.8639
0.8451
0.8803
0.9115
0.9042
0.8877
0.8494
0.8979
0.8921
0.8718
0.8674
0.8647
0.9654
