0.9778
0.9682
0.9579
0.9484
0.9442
0.9430
0.9447
0.9516
0.9584
0.9590
0.9551
0.9500
0.9449
0.9419
0.9408
0.9396
0.9406
0.9448
0.9556
0.9609
0.9523
0.9340
0.9167
0.9063
0.9028
0.9044
0.9070
0.9063
0.8967
0.8829
0.8663
0.8559
0.8519
0.8799
0.8812
0.8805
0.8819
0.8833
0.8819
0.8805
0.8813
0.8772
0.8728
0.8717
0.8799
0.8914
0.8979
0.8984
0.8938
0.8840
0.8822
0.8850
0.8908
0.8976
0.9023
0.9023
0.8984
0.8939
0.8921
0.8940
0.8992
0.9039
0.9130
0.9201
0.9209
0.9154
0.9176
0.9258
0.9136
0.8915
0.8636
0.8670
0.8707
0.8804
0.8884
0.8919
0.8928
0.8927
0.8911
0.8848
0.8723
0.8601
0.8580
0.8670
0.8786
0.8838
0.8794
0.8696
0.8616
0.8581
0.8581
0.8615
0.8688
0.8758
0.8758
0.8688
0.8615
0.8581
0.8572
0.8571
0.8563
0.8536
0.8491
0.8475
0.8536
0.8670
0.8831
0.8974
0.9072
0.9124
0.9091
0.8884
0.8521
0.8403
0.8533
0.8428
0.8448
0.8191
0.8158
0.8066
