0.7500
0.8024
0.8538
0.8801
0.8762
0.8507
0.8562
0.8551
0.8651
0.8813
0.8903
0.8919
0.8977
0.9137
0.9328
0.9431
0.9417
0.9343
0.9237
0.9100
0.8984
0.8938
0.9332
0.9333
0.9130
0.8809
0.8597
0.8585
0.8621
0.8585
0.8597
0.8810
0.9142
0.9393
0.9499
0.9523
0.9536
0.9583
0.9680
0.9785
0.9832
0.9847
0.9886
0.9949
0.9977
0.9949
0.9886
0.9841
0.9838
0.9852
0.9895
1.0000
1.0000
0.9998
0.9974
0.9875
0.9680
0.9490
0.9458
0.9597
0.9783
0.9854
0.9793
0.9698
0.9740
1.0000
1.0000
1.0000
1.0000
1.0000
1.0000
1.0000
1.0000
1.0000
1.0000
1.0000
1.0000
1.0000
1.0000
1.0000
0.9999
0.9984
0.9922
0.9780
0.9595
0.9455
0.9407
0.9452
0.9575
0.9705
0.9765
0.9570
0.9434
0.9434
0.9570
0.9765
0.9916
0.9983
0.9999
1.0000
1.0000
1.0000
1.0000
1.0000
1.0000
1.0000
1.0000
1.0000
1.0000
1.0000
1.0000
1.0000
1.0000
1.0000
1.0000
1.0000
1.0000
1.0000
1.0000
1.0000
1.0000
1.0000
1.0000
1.0000
1.0000
1.0000
1.0000
1.0000
1.0000
1.0000
1.0000
1.0000
1.0000
1.0000
1.0000
1.0000
1.0000
1.0000
1.0000
1.0000
1.0000
1.0000
1.0000
1.0000
1.0000
1.0000
1.0000
1.0000
1.0000
1.0000
1.0000
1.0000
1.0000
1.0000
1.0000
1.0000
1.0000
0.9998
0.9982
0.9923
0.9826
0.9773
0.9824
0.9905
0.9903
0.9806
0.9696
0.9651
0.9696
0.9808
0.9921
0.9982
0.9998
1.0000
1.0000
1.0000
1.0000
1.0000
1.0000
1.0000
1.0000
1.0000
1.0000
1.0000
1.0000
1.0000
1.0000
1.0000
1.0000
1.0000
1.0000
1.0000
1.0000
1.0000
1.0000
1.0000
1.0000
1.0000
1.0000
1.0000
1.0000
1.0000
0.9998
0.9980
0.9902
0.9711
0.9423
0.9133
0.8926
0.8787
0.8657
0.8560
0.8576
0.8734
0.8960
0.9133
0.9193
0.9152
0.9056
0.9003
0.9055
0.9134
0.9116
0.8960
0.8752
0.8653
0.8736
0.8904
0.9056
0.9253
0.9533
0.9732
0.9709
0.9574
0.9486
0.9423
0.9352
0.9430
0.9726
0.9897
0.9979
0.9998
0.9998
0.9979
0.9897
0.9728
0.9565
0.9565
0.9728
0.9897
0.9977
0.9979
0.9917
0.9809
0.9734
0.9726
0.9706
0.9628
0.9496
0.9287
0.9773
0.9907
0.9979
0.9998
1.0000
1.0000
1.0000
1.0000
1.0000
1.0000
1.0000
1.0000
1.0000
1.0000
1.0000
0.9998
0.9977
0.9884
0.9659
0.9320
0.8999
0.8843
0.8868
0.8823
0.8850
0.8927
0.8935
0.8862
0.8446
0.7815
0.9274
0.9574
0.9834
