0.9146
0.9399
0.9439
0.9361
0.9271
0.9233
0.9204
0.9119
0.9078
0.9149
0.9311
0.9389
0.9438
0.9394
0.9384
0.9432
0.9429
0.9580
0.9614
0.9636
0.9641
0.9600
0.9540
0.9503
0.9461
0.9435
0.9381
0.9332
0.9297
0.9285
0.9332
0.9317
0.9281
0.9259
0.9256
0.9284
0.9328
0.9366
0.9364
0.9424
0.9430
0.9377
0.9255
0.9184
0.9087
0.9045
0.9123
0.9166
0.9154
0.9116
0.9086
0.9056
0.9014
0.8965
0.8925
0.8904
0.8914
0.8914
0.8910
0.8860
0.8810
0.8758
0.8697
0.8659
0.8673
0.8744
0.8794
0.8795
0.8797
0.8797
0.8767
0.8745
0.8758
0.8800
0.8793
0.8823
0.8799
0.8777
0.8788
0.8814
0.8846
0.8904
0.8971
0.9040
0.9098
0.9123
0.9134
0.9123
0.9089
0.9038
0.9006
0.9025
0.9068
0.9076
0.9057
0.9025
0.9019
0.9031
0.9049
0.9045
0.9090
0.9065
0.9033
0.9012
0.9130
0.9142
0.9132
0.9126
0.9112
0.9115
0.9138
0.9165
0.9185
0.9203
0.9214
0.9217
0.9221
0.9220
0.9199
0.9182
0.9200
0.9234
0.9230
0.9218
0.9173
0.9207
0.9216
0.9252
0.9269
0.9377
0.9333
0.9316
0.9333
0.9363
0.9412
0.9413
0.9345
0.9363
0.9362
0.9387
0.9412
0.9424
0.9414
0.9388
0.9363
0.9370
0.9390
0.9410
0.9430
0.9439
0.9414
0.9394
0.9373
0.9353
0.9346
0.9367
0.9404
0.9435
0.9449
0.9452
0.9444
0.9444
0.9444
0.9441
0.9427
0.9399
0.9369
0.9357
0.9361
0.9353
0.9305
0.9363
0.9374
0.9389
0.9372
0.9290
0.9213
0.9171
0.9178
0.9207
0.9205
0.9273
0.9286
0.9308
0.9320
0.9325
0.9339
0.9359
0.9371
0.9374
0.9371
0.9356
0.9324
0.9289
0.9274
0.9269
0.9258
0.9250
0.9261
0.9277
0.9270
0.9226
0.9158
0.9097
0.9198
0.9219
0.9238
0.9234
0.9194
0.9152
0.9151
0.9181
0.9186
0.9136
0.9009
0.8888
0.8931
0.8769
0.8436
0.8631
0.8586
0.8366
0.8331
0.8107
