0.9580
0.9245
0.8998
0.8865
0.8871
0.8933
0.9018
0.9113
0.9100
0.9137
0.9144
0.9139
0.9108
0.9095
0.9142
0.9240
0.9359
0.9375
0.9382
0.9398
0.9419
0.9435
0.9423
0.9387
0.9352
0.9330
0.9317
0.9319
0.9316
0.9292
0.9246
0.9183
0.9154
0.9184
0.9337
0.9446
0.9504
0.9518
0.9529
0.9531
0.9516
0.9567
0.9544
0.9580
0.9591
0.9597
0.9603
0.9706
0.9719
0.9722
0.9719
0.9705
0.9672
0.9633
0.9615
0.9615
0.9615
0.9601
0.9609
0.9638
0.9649
0.9622
0.9579
0.9549
0.9540
0.9528
0.9477
0.9412
0.9330
0.9216
0.9165
0.9207
0.9287
0.9373
0.9444
0.9473
0.9478
0.9490
0.9522
0.9533
0.9517
0.9463
0.9391
0.9336
0.9309
0.9271
0.9211
0.9121
0.9120
0.9033
0.8958
0.8908
0.8813
0.8887
0.8865
0.8850
0.8812
0.8730
0.8613
0.8583
0.8672
0.8810
0.8893
