0.8780
0.8718
0.8684
0.8689
0.8834
0.9027
0.9216
0.9424
0.9626
0.9779
0.9841
0.9845
0.9816
0.9757
0.9651
0.9475
0.9228
0.8946
0.8684
0.8502
0.8456
0.8556
0.8734
0.8901
0.9024
0.9108
0.9150
0.9172
0.9267
0.9330
0.9199
0.8986
0.8814
0.8701
0.8643
0.8658
0.8736
0.8822
0.8843
0.8760
0.8604
0.8445
0.8381
0.8469
0.8647
0.8806
0.8928
0.9063
0.9201
0.9283
0.9313
0.9372
0.9482
0.9565
0.9556
0.9499
0.9468
0.9458
0.9422
0.9363
0.9330
0.9374
0.9490
0.9596
0.9621
0.9554
0.9410
0.9266
0.9167
0.9152
0.9183
0.9183
0.9151
0.9159
0.9224
0.9292
0.9325
0.9333
0.9332
0.9318
0.9266
0.9174
0.9094
0.9063
0.9035
0.8960
0.8856
0.8802
0.8833
0.8866
0.8826
0.8777
0.8815
0.8952
0.9125
0.9257
0.9316
0.9324
0.9300
0.9258
0.9235
0.9258
0.9300
0.9326
0.9333
0.9333
0.9333
0.9333
0.9333
0.9333
0.9326
0.9300
0.9258
0.9235
0.9257
0.9292
0.9291
0.9249
0.9201
0.9174
0.9160
0.9133
0.9092
0.9076
0.9124
0.9207
0.9242
0.9174
0.9041
0.8943
0.8932
0.8960
0.8959
0.8923
0.8892
0.8869
0.8800
0.8711
0.8745
0.8912
0.9053
0.9120
0.9136
0.9137
0.9131
0.9112
0.9422
0.9418
0.9431
0.9310
0.9149
0.9342
0.9419
0.9449
0.9422
0.9376
0.9331
0.9282
0.9198
0.9093
0.9081
0.9219
0.9411
0.9539
0.9580
0.9560
0.9487
0.9440
0.9394
0.9290
0.9127
0.8967
0.8824
0.8699
0.8577
0.8598
0.8655
0.8706
0.8641
0.8390
