0.8919
0.8821
0.8687
0.8539
0.8437
0.8399
0.8363
0.8337
0.8424
0.8635
0.8867
0.9024
0.9079
0.9063
0.9019
0.9000
0.9084
0.9274
0.9432
0.9440
0.9316
0.9217
0.9203
0.9235
0.9259
0.9292
0.9353
0.9410
0.9437
0.9443
0.9437
0.9410
0.9354
0.9306
0.9334
0.9445
0.9562
0.9611
0.9604
0.9589
0.9577
0.9555
0.9514
0.9473
0.9451
0.9445
0.9444
0.9445
0.9452
0.9479
0.9542
0.9624
0.9680
0.9680
0.9624
0.9542
0.9479
0.9452
0.9445
0.9444
0.9444
0.9429
0.9429
0.9429
0.9428
0.9421
0.9393
0.9335
0.9279
0.9279
0.9335
0.9375
0.9404
0.9404
0.9382
0.9345
0.9325
0.9346
0.9390
0.9442
0.9515
0.9602
0.9669
0.9698
0.9705
0.9706
0.9706
0.9706
0.9705
0.9699
0.9676
0.9639
0.9619
0.9639
0.9676
0.9699
0.9705
0.9699
0.9676
0.9638
0.9613
0.9633
0.9697
0.9697
0.9697
0.9697
0.9697
0.9697
0.9696
0.9683
0.9636
0.9560
0.9518
0.9560
0.9636
0.9683
0.9695
0.9689
0.9659
0.9590
0.9501
0.9433
0.9409
0.9432
0.9494
0.9560
0.9590
0.9599
0.9621
0.9635
0.9594
0.9509
0.9418
0.9341
0.9315
0.9330
0.9348
0.9354
0.9354
0.9347
0.9323
0.9282
0.9259
0.9249
0.9257
0.9200
0.9084
0.8975
0.8952
0.9043
0.9182
0.9275
0.9283
0.9224
0.9159
0.9159
0.9224
0.9292
0.9325
0.9333
0.9333
0.9333
0.9333
0.9325
0.9291
0.9217
0.9125
0.9009
0.9019
0.9035
0.9010
0.8973
0.8981
0.9046
0.9114
0.9107
0.9010
0.8892
0.8832
0.8848
0.8893
0.8919
0.8919
0.8893
0.8805
0.8779
0.8796
0.8815
0.8796
0.8778
0.8795
0.8805
0.8751
0.8658
0.8611
0.8658
0.8751
0.8805
0.8796
0.8788
0.8851
0.8974
0.9083
0.9127
0.9131
0.9128
0.9091
0.9003
0.8905
0.8843
0.8827
0.8830
0.8826
0.8833
0.8851
0.8844
0.8803
0.8771
0.8768
0.8767
0.8761
0.9094
0.9057
0.8973
0.8894
0.8866
0.8894
0.8972
0.9048
0.9057
0.9019
0.9019
0.9058
0.9058
0.9020
0.9028
0.9096
0.9145
0.9133
0.9107
0.9105
0.9105
0.9108
0.9143
0.9191
0.9213
0.9191
0.9144
0.9117
0.9144
0.9192
0.9220
0.9212
0.9150
0.9016
0.8756
0.8452
0.8441
0.8229
0.8010
0.8040
0.8205
0.8683
0.9106
