0.8182
0.7949
0.8367
0.9060
0.9605
0.9866
0.9770
0.9494
0.9318
0.9385
0.9526
0.9620
0.9743
0.9889
0.9974
0.9998
1.0000
1.0000
1.0000
1.0000
1.0000
0.9998
0.9974
0.9889
0.9748
0.9669
0.9720
0.9749
0.9585
0.9306
0.9168
0.9309
0.9611
0.9843
0.9968
0.9995
0.9971
0.9875
0.9712
0.9607
0.9691
1.0000
1.0000
1.0000
1.0000
1.0000
1.0000
1.0000
1.0000
1.0000
1.0000
1.0000
1.0000
1.0000
1.0000
1.0000
0.9996
0.9961
0.9830
0.9580
0.9302
0.9077
0.8959
0.9052
0.9285
0.9417
0.9465
0.9618
0.9833
0.9961
0.9996
1.0000
1.0000
1.0000
1.0000
1.0000
1.0000
1.0000
1.0000
1.0000
1.0000
1.0000
1.0000
1.0000
1.0000
1.0000
1.0000
1.0000
1.0000
0.9996
0.9953
0.9750
0.9433
0.9261
0.9428
0.9692
0.9692
0.9428
0.9256
0.9375
0.9494
0.9311
0.8947
0.8616
0.8444
0.8636
0.9178
0.9692
0.9936
0.9995
1.0000
0.9995
0.9942
0.9744
0.9370
0.8953
0.8616
0.8444
0.8631
0.9119
0.9436
0.9306
0.8947
0.8616
0.8444
0.8636
0.9178
0.9692
0.9936
0.9995
1.0000
1.0000
1.0000
1.0000
1.0000
1.0000
1.0000
0.9995
0.9942
0.9744
0.9375
0.9011
0.8866
0.9011
0.9375
0.9744
0.9942
0.9995
1.0000
0.9995
0.9942
0.9750
0.9433
0.9256
0.9365
0.9378
0.8811
1.0000
1.0000
1.0000
1.0000
1.0000
1.0000
1.0000
1.0000
1.0000
1.0000
1.0000
1.0000
1.0000
1.0000
1.0000
1.0000
1.0000
1.0000
1.0000
1.0000
1.0000
1.0000
1.0000
1.0000
1.0000
1.0000
1.0000
1.0000
1.0000
1.0000
1.0000
1.0000
1.0000
1.0000
1.0000
1.0000
1.0000
1.0000
1.0000
1.0000
1.0000
1.0000
1.0000
1.0000
1.0000
1.0000
1.0000
1.0000
1.0000
1.0000
