1.0000
0.9158
0.8563
0.8161
0.7996
0.8137
0.8442
0.8687
0.8959
0.9067
0.9050
0.9013
0.8987
0.8949
0.8917
0.8970
0.9113
0.9234
0.9230
0.9067
0.8697
0.8407
0.8313
0.8387
0.8413
0.8344
0.8331
0.8437
0.8539
0.8505
0.8273
0.7871
0.7504
0.7167
0.6880
0.6840
0.7791
0.8276
0.8620
0.8728
0.8821
0.9162
0.9748
0.9857
0.9967
0.9997
1.0000
1.0000
1.0000
1.0000
1.0000
1.0000
1.0000
1.0000
1.0000
1.0000
0.9997
0.9964
0.9821
0.9500
0.9111
0.8930
0.9111
0.9500
0.9821
0.9964
0.9997
1.0000
1.0000
1.0000
1.0000
1.0000
0.9994
0.9934
0.9714
0.9352
0.9156
0.9352
0.9714
0.9934
0.9994
0.9997
0.9967
0.9854
0.9640
0.9399
0.9173
0.8932
0.8714
0.8571
0.8428
0.8211
0.7973
0.7781
0.7682
0.7792
0.8101
0.8395
0.8532
0.8535
0.8428
0.8248
0.8149
0.8248
0.8428
0.8538
0.8565
0.8538
0.8428
0.7955
0.7837
0.7917
0.8000
0.7917
0.7834
0.7917
0.7996
0.7874
0.7635
0.7400
0.7105
