0.9123
0.9004
0.8925
0.8906
0.8851
0.8805
0.8738
0.8762
0.8902
0.8983
0.8989
0.9005
0.8979
0.9025
0.9040
0.9029
0.9060
0.9090
0.9144
0.9190
0.9196
0.9162
0.9100
0.9087
0.9032
0.8990
0.8964
0.8936
0.8885
0.8820
0.8758
0.8726
0.8738
0.8771
0.8793
0.8818
0.8835
0.8846
0.8857
0.8852
0.8898
0.8873
0.8838
0.8798
0.8758
0.8828
0.8849
0.8876
0.8874
0.8873
0.8865
0.8842
0.8817
0.8808
0.8822
0.8845
0.8862
0.8872
0.8872
0.8862
0.8842
0.8837
0.8820
0.8802
0.8820
0.8861
0.8942
0.8924
0.8976
0.8992
0.9020
0.9016
0.8970
0.8911
0.8858
0.8830
0.8814
0.8805
0.8837
0.8902
0.8906
0.8895
0.8894
0.8908
0.8941
0.8985
0.9017
0.9026
0.9020
0.9006
0.8996
0.8987
0.8964
0.8937
0.8916
0.8877
0.8848
0.8826
0.8942
0.8988
0.9069
0.9031
0.9047
0.9063
0.9097
0.9111
0.9113
0.9088
0.9123
0.9127
0.9123
0.9120
0.9088
0.9029
0.8995
0.9020
0.9065
0.9078
0.9064
0.9050
0.9043
0.9019
0.8958
0.8865
0.8800
0.8738
0.8614
0.8504
0.8401
0.8357
0.8383
0.8264
0.8025
0.7891
0.8021
