0.8214
0.8089
0.8164
0.8296
0.8326
0.8497
0.8306
0.8058
0.7617
0.7448
0.7768
0.8093
0.7948
0.7833
0.7662
0.7533
0.7526
0.7423
0.7407
0.7278
0.7095
0.6952
0.6875
0.6798
0.6656
0.6486
0.6407
0.6486
0.6656
0.6797
0.6650
0.6667
0.6684
0.6750
0.6902
0.7098
0.7250
0.7316
0.7332
0.7333
0.7333
0.7333
0.7332
0.7316
0.7055
0.6909
0.6778
0.6827
0.6923
0.6923
0.6923
0.6923
0.6923
0.6925
0.6943
0.7020
0.7191
0.7386
0.7442
0.7322
0.6984
0.7018
0.7040
0.6923
0.6789
0.6791
0.6663
0.6838
0.6840
0.6686
0.6613
0.6819
0.6977
0.7397
0.7219
0.7027
0.6804
0.6695
0.6669
0.6667
0.6667
0.6664
0.6638
0.6530
0.6304
0.6086
0.6086
0.6304
0.6527
0.6610
0.6529
0.6307
0.6034
0.5320
0.4912
0.4789
0.4289
0.5000
0.5000
0.6000
0.6000
0.6000
0.6000
0.6000
0.6000
0.6000
0.6000
0.6000
0.6000
0.6000
0.6000
0.5000
0.5000
0.5000
0.5000
