0.9130
0.9068
0.9037
0.9001
0.8973
0.8930
0.8890
0.8845
0.8962
0.9000
0.9049
0.9042
0.8990
0.8914
0.8904
0.8911
0.8981
0.9015
0.9068
0.9096
0.9140
0.9120
0.9128
0.9169
0.9216
0.9249
0.9264
0.9249
0.9207
0.9165
0.9142
0.9150
0.9226
0.9272
0.9297
0.9363
0.9391
0.9368
0.9339
0.9313
0.9333
0.9287
0.9220
0.9243
0.9267
0.9320
0.9364
0.9372
0.9363
0.9347
0.9308
0.9244
0.9185
0.9212
0.9215
0.9253
0.9302
0.9347
0.9383
0.9404
0.9398
0.9356
0.9292
0.9220
0.9155
0.9089
0.9058
0.9071
0.9096
0.9102
0.9110
0.9159
0.9231
0.9272
0.9318
0.9313
0.9306
0.9290
0.9254
0.9195
0.9139
0.9106
0.9158
0.9168
0.9215
0.9186
0.9166
0.9153
0.9161
0.9195
0.9239
0.9273
0.9277
0.9238
0.9160
0.9105
0.9094
0.9095
0.9034
0.8867
0.8782
0.8798
0.8689
0.8704
0.8597
0.8595
0.8597
0.8797
0.8804
0.8685
0.8450
0.8332
0.8240
0.8249
0.8316
0.8306
0.8296
