0.6429
0.7309
0.7972
0.8374
0.8515
0.8477
0.8302
0.7867
0.7515
0.7173
0.6812
0.6336
0.6212
0.6129
0.5769
0.5775
0.5845
0.5974
0.6045
0.6072
0.6156
0.6273
0.6342
0.6362
0.6364
0.6364
0.6364
0.6364
0.6364
0.6364
0.6364
0.6364
0.6364
0.6364
0.6364
0.6364
0.6364
0.6362
0.6344
0.6296
0.6272
0.6415
0.6744
0.7043
0.7093
0.6860
0.6501
0.6321
0.6478
0.6749
0.6819
0.6680
0.6569
0.6616
0.6748
0.6888
0.7022
0.7089
0.7045
0.7002
0.7067
0.7182
0.7250
0.7250
0.7180
0.7043
0.6892
0.6757
0.6609
0.6123
0.6002
0.5900
0.5748
0.5581
0.5446
0.5378
0.5452
0.5646
0.5753
0.5648
0.5476
0.5478
0.5675
0.5900
0.6075
0.6225
0.6295
0.6227
0.6100
0.6023
0.6002
0.6000
0.6000
0.6000
0.6000
0.5998
0.5975
0.5877
0.5673
0.5478
0.5476
0.5648
0.5751
0.5622
0.5350
0.5128
0.5610
0.5667
0.5779
0.5744
0.5419
0.4973
0.4723
0.4755
0.4915
0.5088
0.5275
0.5442
0.6221
0.5711
0.5714
0.5000
0.5000
0.6000
0.6000
0.5000
0.5000
0.5000
0.5000
0.5000
