1.0000
0.9344
0.9409
0.9378
0.9467
0.9586
0.9698
0.9802
0.9837
0.9733
0.9552
0.9447
0.9466
0.9498
0.9448
0.9357
0.9302
0.9287
0.9286
0.9286
0.9286
0.9286
0.9286
0.9286
0.9286
0.9286
0.9287
0.9302
0.9308
0.9403
0.9442
0.9348
0.9230
0.9292
0.9555
0.9807
0.9855
0.9703
0.9460
0.9271
0.9188
0.9168
0.9167
0.9167
0.9167
0.9167
0.9167
0.9167
0.9167
0.9167
0.9167
0.9167
0.9167
0.9167
0.9167
0.9167
0.9165
0.9147
0.9081
0.8958
0.8835
0.8768
0.8734
0.8686
0.8644
0.8691
0.8790
0.8792
0.8710
0.8728
0.8873
0.8961
0.8873
0.8726
0.8716
0.8877
0.9977
0.9993
0.9944
0.9691
0.9023
0.9425
0.9012
0.7215
