1.0000
0.9527
0.9215
0.8868
0.8352
0.7909
0.7745
0.7776
0.7920
0.8213
0.8562
0.8721
0.8625
0.8467
0.8381
0.8467
0.8625
0.8721
0.8747
0.8571
0.8571
0.8568
0.8538
0.8428
0.8248
0.8149
0.8248
0.8428
0.8538
0.8568
0.8571
0.8571
0.8568
0.8538
0.8428
0.8248
0.8149
0.8248
0.8428
0.8538
0.8568
0.8571
0.8571
0.8571
0.8571
0.8571
0.8571
0.8333
0.8333
0.8333
0.8333
0.8333
0.8333
0.8333
0.8000
0.8000
0.8000
0.8000
0.8000
0.8000
0.8000
0.8000
0.8000
0.7996
0.7953
0.7800
0.7547
0.7409
0.7547
0.7800
0.7953
0.7991
0.7953
0.7800
0.7547
0.7409
0.7547
0.7800
0.7953
0.7996
0.8000
0.8000
0.8000
0.8000
0.8000
0.8004
0.8047
0.8205
0.8504
0.8842
0.8947
0.9364
0.9675
0.9559
0.8742
0.7259
0.4272
0.3190
0.0138
0.0011
0.0000
0.0000
0.0000
0.0000
0.0000
0.0000
