0.7805
0.8271
0.8427
0.8479
0.8435
0.8362
0.8314
0.8285
0.8320
0.8452
0.8596
0.8633
0.8609
0.8651
0.8724
0.8754
0.8747
0.8718
0.8675
0.8618
0.8503
0.8307
0.8018
0.7782
0.7713
0.7760
0.7842
0.7973
0.8178
0.8419
0.8629
0.8746
0.8753
0.8818
0.8884
0.8929
0.8838
0.8652
0.8526
0.8580
0.8725
0.8760
0.8637
0.8510
0.8459
0.8441
0.8354
0.8302
0.8249
0.8198
0.8173
0.8190
0.8207
0.8190
0.8173
0.8198
0.8242
0.8275
0.8306
0.8351
0.8357
0.8243
0.8223
0.8313
0.8380
0.8471
0.8507
0.8499
0.8426
0.8264
0.8682
0.8709
0.8760
0.8791
0.8798
0.8790
0.8750
0.8659
0.8479
0.8375
0.8293
0.8197
0.8106
0.8074
0.8103
0.8158
0.8219
0.8249
0.8229
0.8208
0.8228
0.8240
0.8187
0.8114
0.8022
0.7965
0.7810
0.7619
0.7430
0.7395
0.7526
0.7751
0.8436
0.9247
0.9619
0.9928
0.9972
0.9929
0.9804
0.9640
0.9514
0.9457
0.9433
0.9388
0.9306
0.9225
0.9193
0.9225
0.9306
0.9388
0.9430
0.9430
0.9389
0.9318
0.9280
0.9318
0.9388
0.9417
0.9373
0.9250
0.9099
0.9028
0.9098
0.9237
0.9319
0.9263
0.9235
0.9265
0.9294
0.9265
0.9237
0.9278
0.9353
0.9397
0.9397
0.9353
0.9277
0.9224
0.9218
0.9205
0.9100
0.9024
0.8841
0.9213
0.9157
0.9080
0.9082
0.9167
