1.0000
0.8993
0.8006
0.7961
0.7931
0.8200
0.8611
0.9027
0.9300
0.9393
0.9352
0.9252
0.9146
0.9019
0.8954
0.9140
0.9523
0.9837
0.9980
1.0000
0.9997
0.9971
0.9872
0.9688
0.9506
0.9433
0.9506
0.9688
0.9872
0.9971
0.9997
1.0000
1.0000
1.0000
0.9997
0.9966
0.9814
0.9425
1.0000
1.0000
1.0000
1.0000
1.0000
1.0000
1.0000
1.0000
1.0000
1.0000
0.9997
0.9967
0.9857
0.9676
0.9578
0.9676
0.9857
0.9967
0.9997
1.0000
1.0000
1.0000
1.0000
1.0000
1.0000
1.0000
0.9997
0.9964
0.9824
0.9533
0.9254
0.9257
0.9550
0.9859
1.0000
1.0000
1.0000
1.0000
1.0000
1.0000
1.0000
1.0000
1.0000
1.0000
1.0000
1.0000
1.0000
1.0000
1.0000
1.0000
1.0000
1.0000
1.0000
1.0000
1.0000
1.0000
1.0000
1.0000
1.0000
1.0000
1.0000
1.0000
1.0000
1.0000
1.0000
1.0000
1.0000
1.0000
1.0000
1.0000
1.0000
1.0000
1.0000
1.0000
1.0000
1.0000
1.0000
1.0000
1.0000
1.0000
1.0000
1.0000
1.0000
1.0000
1.0000
1.0000
1.0000
1.0000
1.0000
1.0000
1.0000
1.0000
1.0000
1.0000
1.0000
1.0000
1.0000
1.0000
1.0000
1.0000
1.0000
1.0000
1.0000
1.0000
1.0000
1.0000
1.0000
1.0000
1.0000
1.0000
1.0000
1.0000
1.0000
1.0000
1.0000
1.0000
1.0000
1.0000
1.0000
1.0000
1.0000
1.0000
1.0000
1.0000
1.0000
1.0000
1.0000
1.0000
1.0000
1.0000
1.0000
1.0000
1.0000
1.0000
1.0000
0.9989
0.9884
0.9500
0.8866
0.8523
0.8866
0.9500
0.9884
0.9989
1.0000
1.0000
1.0000
1.0000
1.0000
1.0000
1.0000
1.0000
1.0000
1.0000
1.0000
