0.8462
0.8406
0.7959
0.7658
0.7514
0.7367
0.7127
0.6885
0.6953
0.7333
0.7797
0.8189
0.8333
0.8486
0.8559
0.8566
0.8470
0.8375
0.8257
0.8155
0.8118
0.8160
0.8261
0.8417
0.8581
0.8683
0.8724
0.8730
0.8700
0.8654
0.8621
0.8587
0.8542
0.8511
0.8510
0.8526
0.8597
0.8774
0.8973
0.9017
0.8876
0.8708
0.8630
0.8585
0.8512
0.8474
0.8516
0.8579
0.8612
0.8620
0.8621
0.8621
0.8621
0.8621
0.8621
0.8620
0.8613
0.8586
0.8543
0.8520
0.8551
0.8620
0.8683
0.8688
0.8629
0.8597
0.8672
0.8810
0.8906
0.8921
0.8885
0.8847
0.8810
0.8731
0.8632
0.8586
0.8601
0.8631
0.8619
0.8530
0.8708
0.8722
0.8733
0.8697
0.8687
0.8752
0.8827
0.8851
0.8839
0.8819
0.8816
0.8847
0.8892
0.8912
0.8892
0.8848
0.8823
0.8845
0.8866
0.8786
0.8869
0.8558
0.8381
0.8437
0.8630
0.8786
0.8823
0.8747
0.8602
0.8426
0.8184
0.8040
0.7983
0.8038
0.8164
0.8269
0.8277
0.8203
0.8124
0.8087
0.8078
0.8077
0.8077
0.8077
0.8077
0.8077
0.8077
0.8076
0.8068
0.8038
0.7990
0.7963
0.7990
0.8038
0.8059
0.8038
0.7990
0.7963
0.7990
0.8038
0.8068
0.8076
0.8077
0.8077
0.8077
0.8077
0.8077
0.8077
0.8077
0.8076
0.8066
0.8021
0.7913
0.7789
0.7762
0.7864
0.7991
0.8058
0.8075
0.8077
0.8077
0.8077
0.8077
0.8077
0.8000
0.8000
0.8000
0.7999
0.7990
0.7950
0.7859
0.7741
0.7650
0.7609
0.7592
0.7560
0.7508
0.7473
0.7364
0.7364
0.7366
0.7394
0.7406
0.7344
0.7241
0.7199
0.7291
0.7481
0.7624
0.7613
0.7522
0.7499
0.7562
0.7605
0.7551
0.7438
0.7345
0.7312
0.7334
0.7384
0.7386
0.7257
0.7292
0.7264
0.7304
0.7402
0.7534
0.7672
0.7772
0.7815
0.7825
0.7826
0.7826
0.7826
0.7826
0.7826
0.7825
0.7816
0.7783
0.7728
0.7698
0.7728
0.7783
0.7816
0.7825
0.7826
0.7827
0.7837
0.7882
0.7990
0.8161
0.8347
0.8466
0.8430
0.8230
0.7946
0.7695
0.7581
0.7630
0.7739
0.7806
0.7824
0.7826
0.7826
0.7826
0.7826
0.7826
0.7826
0.7826
0.7825
0.7816
0.7783
0.7728
0.7697
0.7717
0.7739
0.7717
0.7697
0.7728
0.7783
0.7816
0.7825
0.7826
0.7826
0.7825
0.7816
0.7783
0.7728
0.7698
0.7728
0.7783
0.7815
0.7816
0.7792
0.7760
0.7743
0.7713
0.7643
0.7579
0.7551
0.7544
0.7556
0.7531
0.7379
0.7178
0.7119
0.7217
0.7329
0.7379
0.7390
0.7391
0.7391
0.7392
0.7402
0.7446
0.7544
0.7673
0.7772
0.7816
0.7836
0.7881
0.7979
0.8108
0.8206
0.8250
0.8260
0.8261
0.8261
0.8260
0.8250
0.8205
0.8098
0.7936
0.7783
0.7719
0.7772
0.7881
0.7944
0.7924
0.7870
0.7836
0.7827
0.7826
0.7826
0.7826
0.7826
0.7826
0.7826
0.7826
0.7826
0.7827
0.7836
0.7870
0.7925
0.7956
0.7936
0.7922
0.7968
0.8010
0.7943
0.7784
0.7617
0.7458
0.7295
0.7173
0.7155
0.7206
0.7239
0.7252
0.7293
0.7359
0.7436
0.7544
0.7672
0.7760
0.7760
0.7673
0.7553
0.7469
0.7414
0.7323
0.7224
0.7205
0.7145
0.7267
0.7403
0.7443
0.7319
0.7263
0.7278
0.7387
0.7654
0.8034
0.8374
0.8588
0.8691
0.8706
0.8641
0.8486
0.8328
0.8313
0.8345
0.8307
0.8208
0.8011
0.7800
0.7669
0.7477
0.7325
0.8136
0.8289
0.8706
0.8975
0.8902
0.8799
0.8830
0.9130
0.9571
