0.8906
0.8652
0.8572
0.8602
0.8674
0.8747
0.8836
0.9056
0.9170
0.9280
0.9402
0.9512
0.9593
0.9628
0.9622
0.9582
0.9513
0.9424
0.9354
0.9316
0.9317
0.9327
0.9326
0.9178
0.9068
0.9048
0.9054
0.9020
0.9157
0.9181
0.9214
0.9219
0.9132
0.9042
0.9229
0.9306
0.9362
0.9329
0.9148
0.8910
0.8805
0.8900
0.9047
0.9097
0.9043
0.9013
0.9041
0.9092
0.9084
0.9010
0.9006
0.8979
0.9217
0.9239
0.9189
0.9073
0.8988
0.8999
0.9079
0.9153
0.9170
0.9146
0.9124
0.9125
0.9138
0.9116
0.9054
0.9015
0.9031
0.9058
0.9045
0.9007
0.8964
0.8888
0.8753
0.8680
0.8649
0.8808
0.8770
0.8755
0.8606
0.8452
0.8245
0.8069
0.8059
0.8064
0.8031
0.7780
0.7568
0.7407
0.7372
0.7509
0.7339
0.7229
0.7311
0.7753
0.7720
