0.9202
0.9163
0.9125
0.9096
0.9046
0.9014
0.9004
0.9005
0.9025
0.9060
0.9096
0.9114
0.9131
0.9136
0.9134
0.9136
0.9144
0.9161
0.9185
0.9208
0.9235
0.9252
0.9262
0.9262
0.9257
0.9266
0.9270
0.9270
0.9262
0.9253
0.9238
0.9219
0.9205
0.9195
0.9196
0.9190
0.9191
0.9188
0.9183
0.9185
0.9182
0.9183
0.9192
0.9204
0.9220
0.9222
0.9215
0.9218
0.9216
0.9215
0.9217
0.9216
0.9212
0.9213
0.9217
0.9216
0.9211
0.9195
0.9183
0.9181
0.9182
0.9179
0.9178
0.9176
0.9170
0.9167
0.9155
0.9143
0.9139
0.9135
0.9130
0.9125
0.9131
0.9141
0.9145
0.9146
0.9141
0.9139
0.9148
0.9154
0.9161
0.9170
0.9171
0.9170
0.9166
0.9160
0.9154
0.9143
0.9133
0.9129
0.9119
0.9113
0.9105
0.9098
0.9080
0.9060
0.9053
0.9049
0.9045
0.9050
0.9050
0.9043
0.9033
0.9031
0.9037
0.9036
0.9023
0.9014
0.8999
0.8992
0.8984
0.8983
0.8981
0.8971
0.8963
0.8975
0.8987
0.8994
0.8992
0.8986
0.8970
0.8967
0.8953
0.8943
0.8925
0.8901
0.8879
0.8864
0.8854
0.8849
0.8835
0.8798
0.8735
0.8620
0.8495
0.8396
0.8384
0.8339
0.8313
0.8296
0.8278
