0.9226
0.9253
0.9232
0.9272
0.9212
0.9122
0.9097
0.9103
0.9120
0.9165
0.9169
0.9117
0.9046
0.8925
0.8866
0.8829
0.8856
0.8857
0.8865
0.8883
0.8867
0.8852
0.8847
0.8822
0.8781
0.8773
0.8792
0.8858
0.8914
0.8925
0.8934
0.8903
0.8897
0.8915
0.8925
0.8939
0.8900
0.8867
0.8861
0.8905
0.8933
0.8952
0.8963
0.8962
0.8955
0.8996
0.9024
0.9026
0.8995
0.8941
0.8894
0.8874
0.8870
0.8883
0.8870
0.8818
0.8794
0.8802
0.8806
0.8803
0.8794
0.8794
0.8793
0.8815
0.8821
0.8784
0.8748
0.8694
0.8658
0.8667
0.8699
0.8708
0.8707
0.8713
0.8690
0.8657
0.8603
0.8586
0.8589
0.8605
0.8623
0.8612
0.8593
0.8568
0.8531
0.8480
0.8475
0.8471
0.8497
0.8527
0.8594
0.8623
0.8667
0.8640
0.8629
0.8630
0.8641
0.8641
0.8629
0.8608
0.8549
0.8496
0.8490
0.8478
0.8494
0.8513
0.8513
0.8519
0.8518
0.8507
0.8487
0.8473
0.8478
0.8496
0.8515
0.8530
0.8533
0.8538
0.8536
0.8534
0.8512
0.8489
0.8464
0.8468
0.8497
0.8533
0.8555
0.8554
0.8528
0.8517
0.8488
0.8483
0.8530
0.8539
0.8542
0.8532
0.8524
0.8518
0.8521
0.8531
0.8536
0.8520
0.8512
0.8525
0.8520
0.8494
0.8473
0.8478
0.8492
0.8508
0.8534
0.8535
0.8532
0.8501
0.8482
0.8529
0.8550
0.8565
0.8533
0.8573
0.8591
0.8626
0.8665
0.8699
0.8717
0.8710
0.8681
0.8651
0.8645
0.8660
0.8653
0.8642
0.8616
0.8554
0.8516
0.8462
0.8326
0.8093
0.7893
0.7818
