0.9048
0.8481
0.8365
0.8427
0.8403
0.8367
0.8458
0.8640
0.8879
0.9156
0.9364
0.9423
0.9371
0.9278
0.9162
0.9025
0.8966
0.9072
0.9249
0.9301
0.9627
0.9336
0.9168
0.9150
0.9199
0.9236
0.9206
0.9141
0.9103
0.9220
0.9337
0.9368
0.9279
0.9084
0.8902
0.8838
0.8820
0.8694
0.8669
0.8702
0.8737
0.8747
0.8734
0.8673
0.8544
0.8410
0.8377
0.8482
0.8707
0.8980
0.9140
0.9062
0.8826
0.8644
0.8624
0.8687
0.8721
0.8686
0.8608
0.8565
0.8608
0.8687
0.8735
0.8749
0.8750
0.8750
0.8750
0.8750
0.8750
0.8750
0.8750
0.8750
0.8750
0.8571
0.8574
0.8606
0.8738
0.9002
0.9038
0.9077
0.9038
0.9002
0.9056
0.9154
0.9213
0.9229
0.9231
0.9231
0.9231
0.9231
0.9231
0.9231
0.9229
0.9211
0.9136
0.8979
0.8829
0.8829
0.8979
0.9136
0.9211
0.9229
0.9231
0.9231
0.9231
0.9231
0.9231
0.9231
0.9231
0.9231
0.9231
0.9231
0.9231
0.9231
0.9231
0.9231
0.9231
0.9231
0.9231
0.9231
0.9231
0.9231
0.9231
0.9231
0.9231
0.9231
0.9231
0.9231
0.9231
0.9231
0.9231
0.9231
0.9231
0.9231
0.9231
0.9231
0.9231
0.9231
0.9231
0.9231
0.9231
0.9231
0.9231
0.9231
0.9231
0.9231
0.9231
0.9231
0.9231
0.9231
0.9231
0.9231
0.9231
0.9231
0.9231
0.9231
0.9231
0.9231
0.9231
0.9231
0.9231
0.9231
0.9231
0.9231
0.9231
0.9231
0.9231
0.9231
0.9231
0.9231
0.9231
0.9231
0.9231
0.9167
0.9167
0.9167
0.9165
0.9147
0.9083
0.8978
0.8920
0.8978
0.9083
0.9147
0.9165
0.9167
0.9167
0.9167
0.9167
0.9167
0.9167
0.9167
0.9167
0.9167
0.9167
0.9167
0.9167
0.9167
0.9167
0.9167
0.9167
0.9167
0.9167
0.9167
0.9167
0.9167
0.9167
0.9167
0.9167
0.9167
0.9167
0.9167
0.9167
0.9167
0.9167
0.9167
0.9167
0.9167
0.9167
0.9167
0.9167
0.9167
0.9167
0.9167
0.9167
0.9167
0.9167
0.9167
0.9167
0.9167
0.9165
0.9147
0.9083
0.8978
0.8920
0.8978
0.9083
0.9147
0.9165
0.9167
0.9167
0.9167
0.9167
0.9167
0.9167
0.9165
0.9147
0.9083
0.8978
0.8920
0.8978
0.9083
0.9068
0.9068
0.9000
0.8885
0.8820
0.8864
0.8909
0.8864
0.8818
0.8864
0.8909
0.8864
0.8818
0.8864
0.8909
0.8864
0.8820
0.8883
0.8977
0.8956
0.8769
0.8502
0.8296
0.8205
0.8184
0.8182
0.8182
0.8182
0.8182
0.8182
0.8182
0.8182
0.8180
0.8159
0.8070
0.7885
0.7707
0.7707
0.7883
0.8049
0.8066
0.7951
0.7801
0.7679
0.7616
0.7686
0.7881
0.8045
0.7824
0.8356
0.7780
0.7218
0.6887
0.6640
0.6039
0.5425
0.5049
0.3962
