0.9289
0.9396
0.9468
0.9499
0.9507
0.9515
0.9498
0.9465
0.9446
0.9389
0.9282
0.9153
0.9063
0.9024
0.8951
0.8889
0.8854
0.8874
0.8879
0.8926
0.8906
0.8979
0.8976
0.8982
0.8985
0.8965
0.8928
0.8913
0.8896
0.8873
0.8846
0.8894
0.8922
0.8986
0.9020
0.9004
0.8973
0.8961
0.8951
0.8936
0.8939
0.8985
0.8943
0.8921
0.8890
0.8827
0.8761
0.8721
0.8787
0.8858
0.8907
0.8935
0.8999
0.9057
0.9055
0.9033
0.9000
0.8966
0.8931
0.8894
0.8859
0.8821
0.8779
0.8747
0.8748
0.8841
0.8861
0.8835
0.8778
0.8734
0.8701
0.8660
0.8630
0.8650
0.8702
0.8739
0.8739
0.8710
0.8758
0.8841
0.8930
0.8913
0.8881
0.8876
0.8921
0.8999
0.9070
0.9086
0.9047
0.9006
0.8961
0.8943
0.8910
0.8859
0.8825
0.8805
0.8767
0.8741
0.8739
0.8741
0.8744
0.8751
0.8788
0.8833
0.8851
0.8849
0.8830
0.8802
0.8777
0.8860
0.8886
0.8917
0.8951
0.8995
0.9029
0.9035
0.9034
0.9039
0.9036
0.9166
0.9113
0.9013
0.9029
0.8997
0.9004
0.9019
0.9020
0.9002
0.8968
0.8921
0.8842
0.8829
0.8806
0.8781
0.8726
0.8662
0.8657
0.8676
0.8648
0.8585
0.8515
0.8477
0.8470
0.8497
0.8581
0.8700
0.8800
0.8831
0.8823
0.8778
0.8761
0.8727
0.8680
0.8634
0.8595
0.8669
0.8667
0.8649
0.8640
0.8620
0.8588
0.8540
0.8558
0.8573
0.8586
0.8543
0.8499
0.8456
0.8430
0.8425
0.8471
0.8522
0.8556
0.8640
0.8664
0.8650
0.8642
0.8622
0.8573
0.8545
0.8521
0.8606
0.8627
0.8661
0.8705
0.8779
0.8841
0.8845
0.8799
0.8739
0.8787
0.8676
0.8603
0.8546
0.8510
0.8577
0.8588
0.8571
0.8568
0.8553
0.8518
0.8465
0.8395
0.8384
0.8394
0.8430
0.8426
0.8405
0.8419
0.8463
0.8493
0.8491
0.8456
0.8444
0.8425
0.8412
0.8421
0.8425
0.8404
0.8376
0.8362
0.8355
0.8343
0.8321
0.8295
0.8271
0.8243
0.8213
0.8197
0.8218
0.8272
0.8325
0.8351
0.8358
0.8485
0.8480
0.8459
0.8380
0.8304
0.8255
0.8249
0.8224
0.8214
0.8199
0.8172
0.8132
0.8107
0.8111
0.8106
0.8313
0.8307
0.8369
0.8303
0.8297
0.8229
0.8300
0.8381
0.8372
0.8348
0.8329
0.8338
0.8377
0.8453
0.8448
0.8443
0.8434
0.8447
0.8468
0.8473
0.8476
0.8515
0.8557
0.8484
0.8420
0.8370
0.8381
0.8436
0.8500
0.8565
0.8624
0.8655
0.8626
0.8600
0.8625
0.8640
0.8632
0.8640
0.8677
0.8698
0.8666
0.8589
0.8499
0.8427
0.8377
0.8311
0.8220
0.8124
0.8137
0.8149
0.8167
0.8227
0.8295
0.8329
0.8381
0.8403
0.8408
0.8403
0.8381
0.8335
0.8290
0.8290
0.8330
0.8358
0.8352
0.8341
0.8358
0.8386
0.8399
0.8348
0.8318
0.8246
0.8208
0.8148
0.8116
0.8165
0.8149
0.8162
0.8102
0.7886
0.7910
0.7903
0.7930
0.7864
0.7743
0.7683
0.7654
0.7641
0.7618
0.7580
0.7560
0.7580
0.7618
0.7640
0.7575
0.7576
0.7500
0.7500
0.7419
0.7411
0.7378
0.7298
0.7171
0.7032
0.6936
0.6920
0.6943
0.6909
0.6991
0.6992
0.7207
0.7163
0.7140
0.7167
0.7213
0.7143
0.7143
0.7143
0.7142
0.7134
0.7098
0.7017
0.6911
0.6822
0.6759
0.6703
0.6665
0.6662
0.6582
0.6548
0.6535
0.6491
0.6381
0.6257
0.6188
0.6176
0.6175
0.6181
0.6114
0.6050
0.6062
0.6072
0.6219
0.6258
0.6262
0.6268
0.6269
0.6273
0.6319
0.6410
0.6532
0.6658
0.6750
0.6790
0.6667
0.6677
0.6719
0.6813
0.6937
0.7031
0.7073
0.7082
0.7083
0.7083
0.6957
0.6956
0.6945
0.6902
0.6803
0.6675
0.6576
0.6533
0.6523
0.6522
0.6522
0.6817
0.6807
0.6761
0.6657
0.6518
0.6408
0.6667
0.6667
0.6667
0.6667
0.6668
0.6678
0.6715
0.6787
0.6711
0.6789
0.6709
0.6610
0.6654
0.6665
0.6667
0.6667
0.6667
0.6667
0.6667
0.6667
0.6667
0.6667
0.6667
0.6471
0.6471
0.6471
0.6471
0.6471
0.6471
0.6471
0.6471
0.6471
0.6471
0.6469
0.6456
0.6397
0.6263
0.6090
0.5956
0.5897
0.5884
0.5882
0.5882
0.5882
0.5882
0.5882
0.5882
0.5882
0.5882
0.5882
0.5626
0.5641
0.5703
0.5845
0.6028
0.6157
0.6172
0.6107
0.5803
0.5554
0.5329
0.5487
0.5383
0.5455
0.5455
0.5455
0.5455
0.5455
0.5457
0.5478
0.5569
0.5775
0.6041
0.6226
0.6228
0.6064
0.5899
0.5962
0.6000
0.6000
0.6000
0.6000
0.6000
0.6000
0.6000
0.6000
0.6000
0.6000
0.6000
0.6000
0.6000
0.6000
0.6000
0.6000
0.6000
0.6000
0.6000
0.6000
0.6000
0.6000
0.6000
0.5556
0.5556
0.5556
0.5556
0.5556
0.5556
0.5556
0.5556
0.5556
0.5556
0.5556
0.5553
0.5530
0.5444
0.4717
0.4631
0.4717
0.4875
0.4971
0.5000
0.4286
0.4286
0.4286
0.4286
0.4286
0.4286
0.4286
0.4286
0.4286
0.4286
0.4286
0.4286
0.4286
0.4286
0.4286
0.4283
0.4252
0.4143
0.3962
0.3864
0.3962
0.4143
0.4252
0.4283
0.4286
0.3333
0.3333
0.3333
0.3333
0.3333
0.3333
0.3333
