0.9125
0.8559
0.8366
0.8361
0.8500
0.8654
0.8770
0.8863
0.8933
0.8968
0.8987
0.8919
0.8740
0.8574
0.8571
0.8625
0.8622
0.8621
0.8722
0.8940
0.9108
0.9151
0.9103
0.9091
0.9156
0.9217
0.9237
0.9273
0.9356
0.9430
0.9429
0.9346
0.9230
0.9140
0.9104
0.9115
0.9144
0.9162
0.9206
0.9267
0.9290
0.9348
0.9309
0.9259
0.9202
0.9153
0.9141
0.9174
0.9215
0.9224
0.9225
0.9247
0.9257
0.9234
0.9200
0.9199
0.9198
0.9191
0.9216
0.9282
0.9351
0.9374
0.9386
0.9419
0.9430
0.9387
0.9332
0.9320
0.9342
0.9360
0.9366
0.9366
0.9362
0.9338
0.9267
0.9144
0.9026
0.8979
0.9008
0.9060
0.9110
0.9172
0.9250
0.9328
0.9397
0.9451
0.9475
0.9468
0.9451
0.9440
0.9436
0.9430
0.9405
0.9355
0.9294
0.9268
0.9261
0.9250
0.9243
0.9253
0.9271
0.9279
0.9267
0.9232
0.9179
0.9128
0.9104
0.9111
0.9132
0.9154
0.9179
0.9203
0.9222
0.9235
0.9239
0.9244
0.9267
0.9300
0.9302
0.9240
0.9114
0.8967
0.8860
0.8813
0.8808
0.8838
0.8891
0.8932
0.8951
0.8971
0.9007
0.9065
0.9130
0.9206
0.9253
0.9268
0.9257
0.9221
0.9163
0.9094
0.9022
0.8957
0.8913
0.8907
0.8923
0.8931
0.9056
0.9050
0.9057
0.9082
0.9116
0.9123
0.9114
0.9091
0.9070
0.9056
0.9042
0.9036
0.9045
0.9067
0.9089
0.9098
0.9090
0.9073
0.9068
0.9079
0.9067
0.8993
0.8910
0.8874
0.8953
0.8910
0.8805
0.8707
0.8676
0.8700
0.8730
0.8742
0.8733
0.8708
0.8676
0.8660
0.8681
0.8741
0.8805
0.8845
0.8862
0.8900
0.9000
0.9148
0.9273
0.9328
0.9323
0.9305
0.9317
0.9354
0.9396
0.9429
0.9421
0.9348
0.9238
0.9141
0.9086
0.9063
0.9047
0.9027
0.9016
0.9023
0.9031
0.9024
0.9020
0.9043
0.9086
0.9096
0.9117
0.9108
0.9044
0.8932
0.8847
0.8852
0.8928
0.9016
0.9097
0.9159
0.9207
0.9205
0.9156
0.9073
0.8989
0.8956
0.8996
0.9092
0.9217
0.9334
0.9410
0.9442
0.9437
0.9415
0.9406
0.9417
0.9440
0.9466
0.9487
0.9484
0.9455
0.9426
0.9435
0.9476
0.9503
0.9513
0.9536
0.9561
0.9541
0.9496
0.9501
0.9565
0.9636
0.9684
0.9725
0.9758
0.9762
0.9742
0.9725
0.9705
0.9656
0.9599
0.9570
0.9561
0.9546
0.9525
0.9512
0.9508
0.9504
0.9488
0.9455
0.9422
0.9415
0.9408
0.9383
0.9334
0.9291
0.9246
0.9184
0.9134
0.9116
0.9113
0.9121
0.9162
0.9226
0.9266
0.9263
0.9263
0.9303
0.9371
0.9433
0.9462
0.9458
0.9455
0.9483
0.9542
0.9599
0.9620
0.9583
0.9499
0.9408
0.9334
0.9267
0.9209
0.9201
0.9258
0.9338
0.9395
0.9429
0.9454
0.9462
0.9438
0.9396
0.9375
0.9392
0.9425
0.9446
0.9467
0.9521
0.9591
0.9642
0.9662
0.9666
0.9667
0.9667
0.9667
0.9667
0.9665
0.9651
0.9596
0.9498
0.9414
0.9415
0.9439
0.9421
0.9377
0.9329
0.9290
0.9293
0.9342
0.9400
0.9444
0.9470
0.9471
0.9453
0.9441
0.9453
0.9475
0.9488
0.9495
0.9508
0.9531
0.9550
0.9572
0.9624
0.9698
0.9746
0.9754
0.9749
0.9738
0.9723
0.9693
0.9643
0.9560
0.9444
0.9338
0.9280
0.9260
0.9265
0.9314
0.9414
0.9521
0.9568
0.9525
0.9426
0.9364
0.9369
0.9409
0.9439
0.9452
0.9487
0.9565
0.9645
0.9671
0.9630
0.9571
0.9540
0.9531
0.9519
0.9517
0.9553
0.9614
0.9656
0.9668
0.9652
0.9596
0.9511
0.9434
0.9406
0.9384
0.9348
0.9321
0.9309
0.9281
0.9233
0.9211
0.9236
0.9286
0.9336
0.9364
0.9352
0.9314
0.9279
0.9256
0.9237
0.9213
0.9185
0.9160
0.9181
0.9233
0.9314
0.9384
0.9415
0.9426
0.9435
0.9424
0.9372
0.9299
0.9256
0.9263
0.9286
0.9302
0.9325
0.9360
0.9387
0.9394
0.9392
0.9386
0.9359
0.9315
0.9310
0.9377
0.9478
0.9563
0.9613
0.9632
0.9636
0.9632
0.9614
0.9577
0.9541
0.9541
0.9577
0.9614
0.9632
0.9636
0.9636
0.9632
0.9613
0.9568
0.9496
0.9418
0.9364
0.9360
0.9395
0.9432
0.9446
0.9436
0.9413
0.9401
0.9413
0.9436
0.9446
0.9436
0.9413
0.9401
0.9413
0.9432
0.9427
0.9390
0.9337
0.9300
0.9300
0.9337
0.9390
0.9432
0.9450
0.9454
0.9455
0.9454
0.9445
0.9409
0.9331
0.9242
0.9201
0.9218
0.9255
0.9291
0.9336
0.9391
0.9436
0.9473
0.9518
0.9572
0.9609
0.9614
0.9595
0.9583
0.9595
0.9618
0.9628
0.9613
0.9572
0.9518
0.9473
0.9441
0.9413
0.9396
0.9390
0.9372
0.9333
0.9300
0.9300
0.9338
0.9395
0.9450
0.9493
0.9520
0.9538
0.9547
0.9528
0.9510
0.9489
0.9487
0.9504
0.9533
0.9549
0.9566
0.9577
0.9568
0.9549
0.9518
0.9600
0.9599
0.9576
0.9515
0.9379
0.9369
0.9330
0.9505
0.9405
0.9213
0.9381
0.9265
0.9438
