0.8500
0.8859
0.8653
0.8416
0.8275
0.8212
0.8065
0.7775
0.7517
0.7461
0.7553
0.7673
0.7801
0.7909
0.7931
0.7909
0.7935
0.7957
0.7882
0.7778
0.7734
0.7710
0.7661
0.7589
0.7500
0.7409
0.7165
0.7028
0.6862
0.6738
0.6695
0.6738
0.6862
0.7027
0.7152
0.7208
0.7221
0.7221
0.7209
0.7167
0.7096
0.7058
0.7096
0.7167
0.7209
0.7221
0.7647
0.7647
0.7647
0.7647
0.7647
0.7647
0.7647
0.7647
0.7646
0.7633
0.7587
0.7500
0.7414
0.7379
0.7401
0.7441
0.7452
0.7285
0.7278
0.7217
0.7082
0.6968
0.6971
0.7112
0.7358
0.7643
0.7896
0.8062
0.8000
0.8000
0.8000
0.8000
0.8000
0.8000
0.8000
0.8000
0.8000
0.8000
0.8000
0.8000
0.8000
0.8000
0.7857
0.7857
0.7857
0.7857
0.7857
0.7857
0.7856
0.7841
0.7786
0.7695
0.7646
0.7695
0.7786
0.7841
0.7856
0.7857
0.7857
0.7857
0.7857
0.7857
0.7857
0.7692
0.7692
0.7692
0.7692
0.7692
0.7692
0.7692
0.7692
0.7692
0.7692
0.7692
0.7692
0.7692
0.7692
0.7692
0.7692
0.7692
0.7692
0.7692
0.7692
0.7692
0.7692
0.7692
0.7692
0.7692
0.7692
0.7694
0.7710
0.7769
0.7868
0.7939
0.7963
0.8037
0.8173
0.8213
0.8093
0.8005
0.8113
0.8308
0.8426
0.8458
0.8462
0.8462
0.8462
0.8462
0.8462
0.8462
0.8462
0.8460
0.8442
0.8365
0.8191
0.7963
0.7789
0.7712
0.7694
0.7692
0.7692
0.7692
0.7692
0.7692
0.7692
0.7692
0.7692
0.7692
0.7692
0.7692
0.7692
0.7692
0.7692
0.7692
0.7692
0.7692
0.7692
0.7694
0.7710
0.7769
0.7867
0.7920
0.7867
0.7768
0.7691
0.7597
0.7421
0.7194
0.7020
0.6944
0.6943
0.7000
0.6856
0.6913
0.6857
0.6773
0.6812
0.7067
0.7500
0.7935
0.8208
0.8310
0.8332
0.8333
0.8333
0.8333
0.8333
0.8333
0.8333
0.8333
0.8333
0.8333
0.8333
0.8333
0.8333
0.8333
0.8333
0.8333
0.8332
0.8314
0.8089
0.7953
0.7801
0.7679
0.7616
0.7686
0.7883
0.8070
0.8159
0.8180
0.8182
0.8182
0.8182
0.8182
0.8182
0.8182
0.8182
0.8182
0.8182
0.8182
0.8182
0.8182
0.8182
0.8182
0.8182
0.8182
0.8182
0.8182
0.8182
0.8182
0.8182
0.8182
0.8182
0.8182
0.8182
0.8176
0.8111
0.7602
0.6859
0.6883
0.5144
0.6522
0.8590
0.5322
