0.9123
0.9245
0.9258
0.9211
0.9186
0.9156
0.9108
0.9103
0.9154
0.9172
0.9169
0.9163
0.9171
0.9161
0.9153
0.9124
0.9098
0.9082
0.9098
0.9097
0.9121
0.9100
0.9073
0.9038
0.8992
0.9007
0.8996
0.9018
0.9033
0.9037
0.9059
0.9075
0.9071
0.9054
0.9030
0.9030
0.9015
0.9021
0.9013
0.9024
0.9030
0.9007
0.9011
0.8990
0.8987
0.8969
0.8975
0.8959
0.9001
0.9029
0.9036
0.9055
0.9080
0.9136
0.9138
0.9135
0.9118
0.9096
0.9081
0.9072
0.9067
0.9067
0.9107
0.9134
0.9155
0.9168
0.9166
0.9161
0.9143
0.9117
0.9118
0.9122
0.9105
0.9105
0.9105
0.9157
0.9197
0.9224
0.9217
0.9174
0.9129
0.9136
0.9197
0.9259
0.9253
0.9214
0.9200
0.9173
0.9163
0.9156
0.9153
0.9152
0.9160
0.9177
0.9196
0.9202
0.9188
0.9157
0.9148
0.9151
0.9153
0.9141
0.9130
0.9158
0.9186
0.9184
0.9165
0.9140
0.9141
0.9147
0.9131
0.9091
0.9095
0.9056
0.9036
0.9025
0.9010
0.9004
0.9006
0.8997
0.8971
0.8955
0.8934
0.8918
0.8897
0.8919
0.8900
0.8908
0.8933
0.8949
0.8952
0.8953
0.8959
0.8982
0.9025
0.9062
0.9069
0.9094
0.9100
0.9101
0.9094
0.9079
0.9067
0.9044
0.9008
0.8977
0.8963
0.9000
0.9046
0.9043
0.9035
0.9043
0.9005
0.8952
0.8931
0.8938
0.8945
0.8922
0.8895
0.8897
0.8907
0.8908
0.8928
0.8986
0.9046
0.9046
0.9014
0.8995
0.8991
0.8973
0.8954
0.8971
0.8948
0.8933
0.8948
0.8970
0.8990
0.9013
0.9081
0.9088
0.9078
0.9069
0.9054
0.9043
0.9010
0.8967
0.8951
0.8977
0.9017
0.9033
0.9013
0.8986
0.8962
0.8941
0.8934
0.8941
0.8955
0.8930
0.8871
0.8809
0.8780
0.8769
0.8775
0.8777
0.8768
0.8764
0.8754
0.8735
0.8752
0.8760
0.8751
0.8798
0.8789
0.8762
0.8741
0.8733
0.8720
0.8694
0.8724
0.8713
0.8682
0.8650
0.8625
0.8611
0.8610
0.8633
0.8649
0.8664
0.8674
0.8680
0.8747
0.8750
0.8706
0.8671
0.8640
0.8606
0.8579
0.8645
0.8629
0.8633
0.8636
0.8620
0.8569
0.8479
0.8452
0.8442
0.8454
0.8506
0.8593
0.8604
0.8466
0.8439
0.8371
0.8436
