0.9464
0.9231
0.9025
0.8920
0.8939
0.9049
0.9151
0.9161
0.9067
0.8989
0.8976
0.9016
0.9052
0.9075
0.9104
0.9119
0.9097
0.9068
0.9041
0.9053
0.9076
0.9093
0.9113
0.9144
0.9171
0.9158
0.9105
0.9095
0.9149
0.9215
0.9248
0.9253
0.9262
0.9298
0.9353
0.9388
0.9379
0.9349
0.9325
0.9402
0.9338
0.9242
0.9226
0.9181
0.9162
0.9189
0.9258
0.9326
0.9392
0.9455
0.9500
0.9496
0.9402
0.9256
0.9154
0.9161
0.9237
0.9306
0.9353
0.9400
0.9449
0.9481
0.9488
0.9483
0.9476
0.9457
0.9417
0.9378
0.9367
0.9370
0.9377
0.9401
0.9436
0.9444
0.9417
0.9394
0.9383
0.9355
0.9310
0.9270
0.9267
0.9279
0.9298
0.9314
0.9323
0.9320
0.9300
0.9258
0.9209
0.9176
0.9169
0.9172
0.9157
0.9099
0.9129
0.9142
0.9169
0.9170
0.9127
0.9080
0.9087
0.9144
0.9196
0.9209
0.9242
0.9294
0.9292
0.9283
0.9292
0.9312
0.9322
0.9286
0.9213
0.9127
0.9045
0.8981
0.8929
0.8855
0.8868
0.8943
0.9007
0.8950
0.8896
0.8723
0.8587
0.8551
0.8445
0.8423
0.8433
0.8367
0.8280
0.8277
0.8233
0.8164
0.8027
