0.8947
0.9165
0.9245
0.9171
0.8968
0.8708
0.8647
0.8560
0.8585
0.8692
0.8720
0.8779
0.8780
0.8727
0.8669
0.8662
0.8691
0.8690
0.8656
0.8647
0.8690
0.8760
0.8799
0.8757
0.8664
0.8617
0.8678
0.8824
0.8977
0.9073
0.9110
0.9117
0.9118
0.9118
0.9092
0.9099
0.9129
0.9198
0.9287
0.9356
0.9386
0.9393
0.9394
0.9394
0.9394
0.9394
0.9394
0.9393
0.9387
0.9364
0.9325
0.9297
0.9294
0.9288
0.9267
0.9256
0.9273
0.9311
0.9333
0.9318
0.9296
0.9286
0.9245
0.9128
0.9233
0.9190
0.9233
0.9312
0.9360
0.9373
0.9368
0.9344
0.9304
0.9283
0.9304
0.9344
0.9368
0.9374
0.9368
0.9344
0.9304
0.9283
0.9304
0.9344
0.9368
0.9374
0.9375
0.9375
0.9375
0.9355
0.9355
0.9310
0.9310
0.9310
0.9310
0.9310
0.9286
0.9259
0.9200
