0.9170
0.9130
0.9094
0.9061
0.9050
0.9046
0.9049
0.9045
0.9043
0.9056
0.9078
0.9102
0.9116
0.9132
0.9153
0.9165
0.9159
0.9152
0.9138
0.9131
0.9124
0.9120
0.9128
0.9136
0.9141
0.9139
0.9142
0.9145
0.9160
0.9169
0.9174
0.9173
0.9164
0.9158
0.9159
0.9159
0.9154
0.9155
0.9166
0.9183
0.9182
0.9172
0.9159
0.9146
0.9119
0.9108
0.9108
0.9112
0.9127
0.9140
0.9151
0.9160
0.9161
0.9165
0.9166
0.9168
0.9160
0.9148
0.9143
0.9124
0.9095
0.9061
0.9047
0.9033
0.8994
0.8958
0.8933
0.8922
0.8923
0.8934
0.8939
0.8935
0.8936
0.8941
0.8950
0.8960
0.8977
0.8978
0.8972
0.8956
0.8953
0.8966
0.8971
0.8974
0.8979
0.8993
0.9007
0.9015
0.9016
0.9002
0.8988
0.8993
0.8985
0.8988
0.8970
0.8953
0.8939
0.8917
0.8913
0.8912
0.8905
0.8836
0.8785
0.8734
0.8701
0.8710
0.8752
0.8759
0.8761
0.8745
0.8658
