0.9643
0.9579
0.9457
0.9351
0.9228
0.9176
0.9165
0.9162
0.9136
0.9090
0.9149
0.9220
0.9290
0.9301
0.9293
0.9190
0.9092
0.9002
0.8998
0.9047
0.9091
0.9136
0.9168
0.9248
0.9324
0.9386
0.9500
0.9594
0.9694
0.9778
0.9867
0.9946
0.9987
0.9987
0.9947
0.9881
0.9844
0.9881
0.9947
0.9987
0.9985
0.9935
0.9828
0.9724
0.9712
0.9762
0.9750
0.9646
0.9539
0.9487
0.9475
0.9474
0.9474
0.9474
0.9474
0.9474
0.9474
0.9474
0.9474
0.9474
0.9474
0.9474
0.9474
0.9474
0.9474
0.9474
0.9474
0.9473
0.9461
0.9420
0.9341
0.9253
0.9182
0.9146
0.9187
0.9301
0.9409
0.9460
0.9473
0.9473
0.9461
0.9421
0.9356
0.9330
0.9407
0.9540
0.9618
0.9605
0.9592
0.9670
0.9802
0.9868
0.9801
0.9658
0.9540
0.9487
0.9446
0.9444
0.9443
0.9432
0.9389
0.9317
0.9269
0.9277
0.9333
0.9463
0.9677
0.9875
0.9973
0.9998
1.0000
1.0000
0.9999
0.9987
0.9943
0.9861
0.9780
0.9747
0.9766
0.9790
0.9733
0.9556
0.9304
0.9043
0.8834
0.8740
0.8778
0.8903
0.9072
0.9248
0.9375
0.9430
0.9443
0.9444
0.9444
0.9444
0.9444
0.9444
0.9444
0.9444
0.9444
0.9444
0.9444
0.9444
0.9444
0.9444
0.9444
0.9444
0.9444
0.9444
0.9443
0.9430
0.9375
0.9250
0.9099
0.9028
0.9099
0.9250
0.9375
0.9430
0.9443
0.9446
0.9457
0.9500
0.9570
0.9609
0.9570
0.9501
0.9439
0.9472
0.9545
0.9584
0.9531
0.9412
0.9291
0.9224
0.9205
0.9144
0.9005
0.8852
0.8779
0.8857
0.9058
0.9220
0.9250
0.9188
0.9233
0.9312
0.9360
0.9374
0.9375
0.9375
0.9375
0.9375
0.9375
0.9375
0.9375
0.9375
0.9375
0.9375
0.9375
0.9375
0.9374
0.9360
0.9312
0.9232
0.9174
0.9155
0.9092
0.8956
0.8827
0.8684
0.8668
0.8667
0.8667
0.8667
0.8667
0.8667
0.8667
0.8667
0.8667
0.8667
0.8667
0.8667
0.8667
0.8667
0.8667
0.8667
0.8667
0.8667
0.8667
0.8667
0.8667
0.8667
0.8667
0.8667
0.8667
0.8667
0.8667
0.8667
0.8667
0.8667
0.8667
0.8667
0.8667
0.8667
0.8667
0.8667
0.8667
0.8667
0.8667
0.8667
0.8665
0.8650
0.8584
0.8447
0.8303
0.8252
0.8298
0.8387
0.8499
0.8598
0.8651
0.8665
0.8667
0.8667
0.8667
0.8667
0.8667
0.8667
0.8667
0.8667
0.8667
0.8667
0.8667
0.8667
0.8667
0.8667
0.8667
0.8667
0.8667
0.8667
0.8667
0.8667
0.8667
0.8667
0.8667
0.8667
0.8667
0.8665
0.8650
0.8584
0.8449
0.8319
0.8319
0.8449
0.8584
0.8650
0.8665
0.8668
0.8684
0.8750
0.8900
0.9080
0.9150
0.9016
0.9286
0.9286
0.9286
0.9286
0.9286
0.9286
0.9286
0.9286
0.9286
0.9286
0.9286
0.9286
0.9286
0.9286
0.9286
0.9286
0.9286
0.9286
0.9286
0.9286
0.9286
0.9286
0.9286
0.9286
0.9286
0.9286
0.9286
0.9286
0.9286
0.9286
0.9286
0.9286
0.9286
0.9286
0.9286
0.9286
0.9286
0.9286
0.9286
0.9286
0.9286
0.9286
0.9286
0.9286
0.9286
0.9286
0.9286
0.9286
0.9286
0.9286
0.9231
0.9231
0.9231
0.9231
0.9232
0.9249
0.9309
0.9425
0.9555
0.9678
0.9815
0.9936
1.0000
1.0000
1.0000
1.0000
1.0000
1.0000
1.0000
1.0000
1.0000
1.0000
1.0000
1.0000
1.0000
1.0000
1.0000
0.9996
0.9959
0.9814
0.9539
0.9319
0.9376
0.9644
0.9878
0.9975
0.9998
1.0000
1.0000
1.0000
1.0000
1.0000
1.0000
1.0000
0.9998
0.9975
0.9874
0.9646
0.9329
0.9025
0.8799
0.8707
0.8771
0.8877
0.8877
0.9609
0.9861
0.9972
0.9998
0.9998
0.9970
0.9835
0.9489
0.9997
0.9966
0.9814
0.9425
0.9997
0.9967
0.9854
0.9643
0.9435
0.9352
0.9344
0.9603
0.9862
