0.7778
0.7867
0.7896
0.7889
0.7916
0.8190
0.8361
0.8321
0.8207
0.8202
0.8144
0.7974
0.7817
0.7694
0.7780
0.8060
0.8345
0.8520
0.8561
0.8507
0.8479
0.8517
0.8556
0.8570
0.8571
0.8571
0.8571
0.8571
0.8571
0.8460
0.8444
0.8383
0.8266
0.8120
0.7941
0.7731
0.7640
0.7807
0.8115
0.8347
0.8442
0.8479
0.8558
0.8733
0.8960
0.9134
0.9211
0.9229
0.9231
0.9231
0.9231
0.9231
0.9231
0.9231
0.9231
0.9231
0.9229
0.9213
0.9152
0.9037
0.8909
0.8805
0.8752
0.8811
0.8978
0.9136
0.9211
0.9229
0.9231
0.9231
0.9231
0.9231
0.9231
0.9231
0.9231
0.9229
0.9213
0.9083
0.8976
0.8899
0.8873
0.8792
0.8629
0.8541
0.8648
0.8875
0.9062
0.9145
0.9165
0.9167
0.9167
0.9167
0.9167
0.9167
0.9165
0.9147
0.9085
0.8999
0.9025
0.9271
0.9623
0.9874
0.9956
0.9894
0.9703
0.9416
0.9043
0.8517
0.7898
0.7442
0.7249
0.7125
0.6920
0.6666
0.6400
0.6680
0.7000
0.7000
0.7000
0.7000
0.6998
0.6975
0.6877
0.6673
0.6478
0.6478
0.6673
0.6877
0.6975
0.6998
0.7000
0.7000
0.7002
0.7025
0.7126
0.7352
0.7648
0.7877
0.8000
0.8121
0.8327
0.8522
0.8522
0.8327
0.8123
0.8025
0.8002
0.8000
0.8002
0.8028
0.8151
0.8476
0.8975
0.9397
0.9497
0.9325
0.9123
0.9025
0.9002
0.9000
0.9000
0.9000
0.8998
0.8975
0.8874
0.8648
0.8352
0.8126
0.8025
0.8002
0.8000
0.8002
0.8025
0.8126
0.8350
0.8622
0.8749
0.8622
0.8350
0.8126
0.8025
0.8002
0.8000
0.8000
0.8002
0.8023
0.8100
0.8227
0.8295
0.8227
0.8100
0.8023
0.8002
0.8000
0.8000
0.8000
0.8000
0.8000
0.8000
0.8000
0.8000
0.8002
0.8023
0.8102
0.8252
0.8421
0.8579
0.8748
0.8898
0.8977
0.8998
0.9000
0.9000
0.9000
0.9000
0.9000
0.9000
0.9000
0.9000
0.8998
0.8975
0.8877
0.8673
0.8476
0.8452
0.8545
0.8501
0.8227
0.7897
0.7730
0.7775
0.7900
0.7977
0.7998
0.8000
0.8000
0.8000
0.8000
0.8000
0.8000
0.7998
0.7977
0.7900
0.7773
0.7705
0.7773
0.7900
0.7977
0.7996
0.7977
0.7900
0.7773
0.7705
0.7773
0.7900
0.7977
0.7998
0.7998
0.7975
0.7877
0.7673
0.7476
0.7457
0.7587
0.7686
0.7540
0.7778
0.7963
0.7611
0.8406
0.7674
0.7086
0.6938
0.7236
0.7505
