0.9429
0.8952
0.8599
0.8327
0.8108
0.7949
0.7989
0.8118
0.8264
0.8417
0.8523
0.8469
0.8297
0.8231
0.8331
0.8479
0.8498
0.8529
0.8766
0.8754
0.8616
0.8539
0.8587
0.8655
0.8652
0.8556
0.8404
0.8299
0.8333
0.8458
0.8539
0.8511
0.8391
0.8259
0.8229
0.8310
0.8372
0.8315
0.8134
0.7895
0.7704
0.7577
0.7649
0.7595
0.7515
0.7466
0.7477
0.7515
0.7510
0.7459
0.7460
0.7592
0.7832
0.8060
0.8147
0.8079
0.8010
0.8370
0.8595
0.8827
0.8990
0.9049
0.9000
0.8887
0.8785
0.8742
0.8722
0.8648
0.8498
0.8318
0.8167
0.8050
0.7942
0.7882
0.7947
0.8140
0.8369
0.8524
0.8552
0.8464
0.8326
0.8244
0.8250
0.8266
0.8244
0.8230
0.8233
0.8190
0.8067
0.7907
0.7775
0.7683
0.7631
0.7638
0.7708
0.7802
0.7853
0.7843
0.7820
0.7819
0.7826
0.7856
0.7930
0.7998
0.8000
0.7956
0.7896
0.7811
0.7716
0.7672
0.7708
0.7776
0.7731
0.7742
0.7767
0.7785
0.7759
0.7707
0.7659
0.7635
0.7662
0.7739
0.7804
0.7804
0.7740
0.7670
0.7662
0.7705
0.7732
0.7743
0.7775
0.7821
0.7849
0.7856
0.7857
0.7857
0.7857
0.7857
0.7857
0.7856
0.7849
0.7821
0.7768
0.7716
0.7694
0.7706
0.7713
0.7641
0.7445
0.7415
0.7324
0.7262
0.7239
0.7261
0.7315
0.7370
0.7396
0.7379
0.7278
0.7071
0.6855
0.6759
0.6747
0.6926
0.6988
0.7041
0.7171
0.7356
0.7500
0.7554
0.7560
0.7567
0.7479
0.7513
0.7599
0.7678
0.7682
0.7551
0.7559
0.7619
0.7643
0.7562
0.7343
0.7332
0.7437
0.7577
0.7627
0.7496
0.7534
0.7464
0.7263
0.7553
0.7536
0.7615
0.7802
0.8031
0.8191
0.8199
0.8057
0.7919
0.7947
0.8049
0.8042
0.7947
0.7926
0.8050
0.8199
0.8201
0.8062
0.7977
0.7974
0.8082
0.8237
0.8145
0.8027
0.7854
0.7720
0.7648
0.7588
0.7500
0.7414
0.7217
0.7253
0.7167
0.7265
0.7316
0.7315
0.7250
0.7100
0.6698
0.6608
0.6698
0.6893
0.7053
0.7123
0.7125
0.7071
0.6981
0.6932
0.6979
0.7056
0.7076
0.7105
0.7356
0.7770
0.8508
