0.9452
0.9447
0.9400
0.9317
0.9328
0.9315
0.9364
0.9399
0.9431
0.9481
0.9508
0.9509
0.9537
0.9572
0.9575
0.9556
0.9540
0.9530
0.9568
0.9551
0.9537
0.9506
0.9506
0.9482
0.9481
0.9499
0.9508
0.9499
0.9491
0.9508
0.9554
0.9590
0.9580
0.9534
0.9495
0.9487
0.9498
0.9517
0.9552
0.9600
0.9642
0.9672
0.9684
0.9677
0.9641
0.9570
0.9544
0.9536
0.9522
0.9504
0.9483
0.9439
0.9378
0.9362
0.9322
0.9369
0.9372
0.9377
0.9376
0.9370
0.9367
0.9367
0.9416
0.9413
0.9396
0.9377
0.9359
0.9338
0.9332
0.9344
0.9347
0.9286
0.9225
0.9212
0.9228
0.9239
0.9244
0.9233
0.9221
0.9259
0.9218
0.9136
0.9109
0.9115
0.9140
0.9194
0.9208
0.9173
0.9186
0.9147
0.9145
0.9156
0.9176
0.9165
0.9197
0.9270
0.9298
0.9288
0.9178
0.9175
0.9156
0.9137
0.9170
0.9134
0.9189
0.9251
0.9248
0.9216
0.9271
0.9259
0.9258
0.9237
0.9359
0.9506
0.9579
0.9647
0.9608
0.9459
