0.9130
0.9228
0.9280
0.9225
0.9021
0.8777
0.8675
0.8761
0.8902
0.8939
0.8830
0.8865
0.8768
0.8665
0.8587
0.8536
0.8482
0.8434
0.8398
0.8367
0.8372
0.8462
0.8602
0.8686
0.8663
0.8729
0.8737
0.8739
0.8711
0.8643
0.8560
0.8500
0.8475
0.8478
0.8496
0.8499
0.8481
0.8481
0.8498
0.8489
0.8446
0.8394
0.8360
0.8346
0.8399
0.8455
0.8623
0.8624
0.8600
0.8599
0.8638
0.8651
0.8729
0.8734
0.8757
0.8774
0.8759
0.8716
0.8665
0.8631
0.8623
0.8596
0.8554
0.8466
0.8378
0.8377
0.8461
0.8536
0.8565
0.8579
0.8587
0.8562
0.8522
0.8527
0.8583
0.8641
0.8658
0.8648
0.8650
0.8688
0.8736
0.8764
0.8770
0.8763
0.8733
0.8675
0.8628
0.8615
0.8668
0.8709
0.8792
0.8894
0.8941
0.8900
0.8809
0.8768
0.8732
0.8649
0.8551
0.8547
0.8689
0.8882
0.8981
0.9172
0.9149
0.9123
0.9100
0.9062
0.8954
0.8731
0.8585
0.8363
0.8443
0.8675
0.8864
0.9038
0.8905
0.8790
0.8633
0.8399
0.8376
0.8478
0.8866
0.8865
0.8757
0.8569
0.8650
0.8647
0.8650
0.8687
0.8771
0.8808
