0.8571
0.8257
0.8234
0.8408
0.8559
0.8545
0.8456
0.8417
0.8304
0.8280
0.8383
0.8643
0.9029
0.9418
0.9628
0.9620
0.9537
0.9500
0.9541
0.9659
0.9815
0.9934
0.9985
0.9986
0.9944
0.9874
0.9836
0.9874
0.9944
0.9986
0.9986
0.9944
0.9873
0.9823
0.9818
0.9806
0.9799
0.9806
0.9808
0.9813
0.9865
0.9940
0.9973
0.9940
0.9867
0.9826
0.9867
0.9940
0.9973
0.9940
0.9867
0.9826
0.9867
0.9941
0.9985
0.9984
0.9927
0.9808
0.9674
0.9674
0.9796
0.9923
0.9984
0.9999
1.0000
1.0000
1.0000
0.9999
0.9983
0.9918
0.9782
0.9652
0.9652
0.9782
0.9918
0.9983
0.9996
0.9966
0.9819
0.9428
0.8843
0.8865
0.8536
0.8313
0.7992
0.7674
0.7540
0.8127
0.8959
0.9478
0.9646
