0.9286
0.9612
0.9740
0.9771
0.9836
0.9923
0.9980
0.9980
0.9917
0.9811
0.9752
0.9771
0.9797
0.9682
0.9521
0.9504
0.9577
0.9678
0.9767
0.9889
0.9748
0.9672
0.9748
0.9889
0.9974
0.9998
1.0000
0.9998
0.9974
0.9889
0.9746
0.9646
0.9641
0.9671
0.9767
0.9997
0.9968
0.9843
0.9562
0.9224
0.9093
0.9345
1.0000
1.0000
0.9996
0.9961
0.9833
0.9618
0.9469
0.9455
0.9452
0.9430
0.9452
0.9455
0.9469
0.9618
0.9833
0.9961
0.9996
1.0000
0.9996
0.9953
0.9800
0.9542
0.9203
0.9183
0.9183
0.9203
0.9428
0.9750
0.9942
0.9995
1.0000
1.0000
1.0000
1.0000
1.0000
1.0000
1.0000
1.0000
1.0000
1.0000
1.0000
0.9989
0.9767
0.8999
0.7733
0.7045
0.7733
0.8999
0.9767
0.9978
1.0000
1.0000
1.0000
1.0000
1.0000
1.0000
1.0000
1.0000
1.0000
1.0000
1.0000
1.0000
1.0000
1.0000
1.0000
1.0000
