0.8182
0.8673
0.8979
0.9180
0.9407
0.9657
0.9774
0.9676
0.9477
0.9293
0.9018
0.8507
0.7884
0.7483
0.7253
0.7548
0.7728
0.7620
0.7352
0.7149
0.7126
0.7231
0.7321
0.7350
0.7445
0.7677
0.7780
0.7780
0.7806
0.8907
0.9188
0.9531
0.9715
0.9653
0.9471
0.9276
0.9062
0.8849
0.8654
0.8467
0.8349
0.8310
0.8190
0.7972
0.7939
0.8287
0.8836
0.9285
0.9499
0.9461
0.9318
0.9342
0.9560
0.9692
0.9554
0.9286
0.9094
0.8990
0.8918
0.8807
0.8529
0.8196
0.8121
0.8315
0.8471
0.8435
0.8375
0.8438
0.8500
0.8438
0.8381
0.8481
0.8646
0.8571
0.8571
0.8571
0.8571
0.8568
0.8538
0.8428
0.8248
0.8149
0.8244
0.8392
0.8362
0.8101
0.7825
0.7825
0.8105
0.8395
0.8535
0.8568
0.8568
0.8538
0.8428
0.8248
0.8149
0.8248
0.8428
0.8538
0.8568
0.8571
0.8571
0.8571
0.8571
0.8571
0.8571
0.8571
0.8571
0.8571
0.8571
0.8571
0.8571
0.8571
0.8571
0.8568
0.8535
0.8395
0.8105
0.7825
0.7825
0.8101
0.8362
0.8392
0.8244
0.8149
0.8248
0.8428
0.8538
0.8568
0.8575
0.8608
0.8748
0.9038
0.9321
0.9351
0.9181
0.9072
0.9030
0.8898
0.8714
0.8605
0.8575
0.8571
0.8571
0.8575
0.8608
0.8748
0.9038
0.9317
0.9317
0.8878
0.8539
0.8376
0.8337
0.8333
0.8333
0.8333
0.8333
0.8333
0.8333
0.8333
0.8333
0.8333
0.8333
0.8333
0.8333
0.8333
0.8333
0.8333
0.8333
0.8333
0.8337
0.8376
0.8543
0.8920
0.9413
0.9791
0.9954
0.9954
0.9794
0.9455
0.9130
0.9126
0.9417
0.9628
0.9580
0.9504
0.9622
0.9833
0.9961
0.9996
1.0000
1.0000
1.0000
1.0000
1.0000
1.0000
1.0000
1.0000
1.0000
0.9996
0.9961
0.9833
0.9622
0.9504
0.9576
0.9588
0.9219
0.8532
0.9409
0.9547
0.9800
0.9953
0.9996
1.0000
1.0000
1.0000
1.0000
1.0000
1.0000
1.0000
1.0000
1.0000
1.0000
1.0000
1.0000
1.0000
1.0000
1.0000
1.0000
1.0000
1.0000
1.0000
1.0000
1.0000
1.0000
1.0000
1.0000
1.0000
1.0000
1.0000
1.0000
1.0000
1.0000
1.0000
1.0000
1.0000
1.0000
1.0000
1.0000
1.0000
1.0000
1.0000
1.0000
1.0000
1.0000
1.0000
1.0000
1.0000
1.0000
1.0000
1.0000
1.0000
1.0000
1.0000
1.0000
1.0000
1.0000
1.0000
1.0000
1.0000
1.0000
1.0000
1.0000
1.0000
1.0000
1.0000
1.0000
1.0000
0.9995
0.9936
0.9686
0.9119
0.8381
0.7814
0.7564
0.7505
0.7500
0.7500
0.7500
0.7500
0.7500
0.7500
0.7500
0.7500
0.7500
0.7500
0.7500
0.7500
0.7500
0.7500
0.7500
0.7500
0.7500
0.7500
0.7500
0.7500
0.7500
0.7500
0.7500
0.7500
0.7500
0.7500
0.7500
0.7500
0.7500
0.7500
0.7500
0.7500
0.7500
0.7500
0.7500
0.7500
0.7500
0.7500
0.7500
0.7500
0.7500
0.7500
0.7500
0.7500
0.7500
0.7500
0.7500
0.6667
0.6667
0.6667
0.6667
0.6667
0.6667
0.6667
0.6667
0.6667
0.6667
0.6667
0.6667
0.6667
0.6667
0.6667
0.6659
0.6589
0.6333
0.5911
0.5682
0.5911
0.6326
0.6512
0.6326
0.5911
0.5682
0.5911
0.6333
0.6589
0.6659
0.6667
0.6659
0.6589
0.6333
0.8866
0.8523
0.8866
0.9500
0.9884
0.9989
1.0000
1.0000
1.0000
1.0000
1.0000
1.0000
1.0000
1.0000
1.0000
