0.9093
0.9032
0.8977
0.8938
0.8897
0.8867
0.8865
0.8883
0.8908
0.8934
0.8966
0.9000
0.9020
0.9026
0.9034
0.9023
0.9020
0.9031
0.9060
0.9095
0.9108
0.9112
0.9110
0.9123
0.9130
0.9136
0.9140
0.9120
0.9103
0.9095
0.9112
0.9129
0.9128
0.9129
0.9117
0.9105
0.9068
0.9038
0.9013
0.9013
0.9014
0.9029
0.9045
0.9068
0.9091
0.9090
0.9075
0.9067
0.9048
0.9043
0.9047
0.9058
0.9070
0.9083
0.9081
0.9085
0.9085
0.9077
0.9064
0.9037
0.9024
0.9024
0.9035
0.9044
0.9047
0.9058
0.9078
0.9092
0.9095
0.9097
0.9095
0.9102
0.9111
0.9117
0.9106
0.9095
0.9085
0.9085
0.9084
0.9084
0.9051
0.9031
0.9019
0.9022
0.9021
0.9024
0.9004
0.8995
0.8980
0.8976
0.8969
0.8965
0.8958
0.8953
0.8947
0.8940
0.8953
0.8956
0.8961
0.8968
0.8961
0.8941
0.8909
0.8866
0.8837
0.8795
0.8769
0.8751
0.8740
0.8754
