0.8333
0.8742
0.8879
0.8762
0.8476
0.8180
0.8056
0.8167
0.8397
0.8617
0.8767
0.8843
0.8879
0.8912
0.8983
0.9145
0.9341
0.9418
0.9319
0.9137
0.8977
0.8856
0.8751
0.8597
0.8525
0.8498
0.8524
0.8586
0.8641
0.8644
0.8609
0.8611
0.8635
0.8626
0.8591
0.8533
0.8502
0.8533
0.8591
0.8626
0.8635
0.8636
0.8636
0.8636
0.8636
0.8636
0.8636
0.8636
0.8571
0.8572
0.8584
0.8563
0.8676
0.8824
0.8937
0.8987
0.8999
0.9000
0.9000
0.9000
0.9000
0.9000
0.9000
0.9000
0.9000
0.9000
0.9000
0.9000
0.9000
0.8999
0.8988
0.8950
0.8887
0.8852
0.8887
0.8950
0.8988
0.8999
0.9000
0.9000
0.8999
0.8987
0.8937
0.8824
0.8676
0.8563
0.8513
0.8501
0.8500
0.8500
0.8500
0.8500
0.8500
0.8500
0.8500
0.8500
0.8500
0.8500
0.8500
0.8500
0.8500
0.8500
0.8500
0.8500
0.8500
0.8500
0.8500
0.8500
0.8500
0.8500
0.8500
0.8500
0.8499
0.8488
0.8450
0.8387
0.8352
0.8387
0.8450
0.8488
0.8499
0.8500
0.8500
0.8500
0.8500
0.8500
0.8500
0.8501
0.8513
0.8563
0.8676
0.8824
0.8937
0.8987
0.8999
0.9000
0.9000
0.9000
0.9000
0.9000
0.9000
0.9000
0.9000
0.9000
0.9000
0.9000
0.9000
0.9000
0.8947
0.8947
0.8947
0.8947
0.8947
0.8947
0.8947
0.8947
0.8947
0.8947
0.8947
0.8947
0.8947
0.8947
0.8947
0.8947
0.8946
0.8935
0.8895
0.8828
0.8792
0.8828
0.8895
0.8935
0.8946
0.8947
0.8947
0.8947
0.8947
0.8947
0.8947
0.8947
0.8947
0.8947
0.8947
0.8947
0.8947
0.8946
0.8935
0.8894
0.8816
0.8739
0.8709
0.8739
0.8816
0.8894
0.8935
0.8946
0.8947
0.8947
0.8947
0.8949
0.8961
0.9013
0.9133
0.9288
0.9406
0.9448
0.9420
0.9353
0.9306
0.9302
0.9302
0.9306
0.9353
0.9421
0.9461
0.9473
0.9474
0.9474
0.9474
0.9474
0.9474
0.9474
0.9474
0.9471
0.9449
0.9368
0.9236
0.9176
0.9301
0.9553
0.9778
0.9879
0.9867
0.9843
0.9880
0.9935
0.9935
0.9880
0.9844
0.9881
0.9947
0.9988
0.9999
0.9999
0.9986
0.9930
0.9804
0.9640
0.9515
0.9472
0.9522
0.9684
0.9970
0.9925
0.9793
0.9619
0.9486
0.9427
0.9414
0.9425
0.9469
0.9530
0.9513
0.9353
0.9165
0.9133
0.9295
0.9546
0.9777
0.9902
0.9877
0.9650
0.9849
0.9789
0.9836
0.9910
0.9894
0.9747
0.9537
0.9374
0.9286
0.9199
0.9039
0.8819
0.9165
0.9977
0.9877
0.9677
0.9454
0.9471
0.9821
0.9801
0.9425
0.8910
