1.0000
0.9331
0.9078
0.9034
0.8905
0.8644
0.8412
0.8401
0.8615
0.8778
0.8662
0.8364
0.8135
0.8055
0.8469
0.8573
0.8553
0.8568
0.8552
0.8465
0.8250
0.7965
0.7825
0.7963
0.8232
0.8374
0.8283
0.8036
0.7785
0.7666
0.7715
0.7875
0.8092
0.8318
0.8482
0.8555
0.8586
0.8641
0.8717
0.8711
0.8571
0.8432
0.8426
0.8502
0.8555
0.8570
0.8571
0.8571
0.8571
0.8571
0.8571
0.8571
0.8571
0.8571
0.8571
0.8571
0.8571
0.8571
0.8571
0.8571
0.8571
0.8571
0.8571
0.8571
0.8571
0.8571
0.8571
0.8571
0.8571
0.8571
0.9231
0.9231
0.9231
0.9231
0.9231
0.9231
0.9163
0.9047
0.8888
0.8582
0.8307
0.8277
0.8321
0.8231
0.8126
0.8149
0.8354
0.8648
0.8874
0.8975
0.8998
0.9000
0.9000
0.9000
0.9000
0.9000
0.9000
0.9000
0.9000
0.9000
0.9000
0.9000
0.9000
0.9000
0.9000
0.9000
0.9000
0.9000
0.9000
0.9000
0.9000
0.9000
0.9000
0.9000
0.9000
0.9000
0.9000
0.9000
0.9000
0.9000
0.9000
0.9000
0.9000
0.9000
0.9000
0.9000
0.9000
0.9000
0.9000
0.9000
0.9000
0.9000
0.9000
0.9000
0.9000
0.9000
0.9000
0.9000
0.9000
0.9000
0.9000
0.9000
0.9000
0.9000
0.9000
0.9000
0.9000
0.9000
0.9000
0.9000
0.9000
0.9000
0.9000
0.9000
0.8998
0.8977
0.8900
0.8773
0.8705
0.8773
0.8898
0.8953
0.8898
0.8773
0.8702
0.8750
0.8800
0.8750
0.8700
0.8748
0.8774
0.8627
0.8373
0.8226
0.8254
0.8323
0.8352
0.8452
0.8671
0.8877
0.8975
0.8998
0.9000
0.9000
0.9000
0.9000
0.9000
0.9000
0.9000
0.9000
0.9000
0.9000
0.9000
0.9000
0.9000
0.9000
0.9000
0.9000
0.9000
0.9000
0.9000
0.9000
0.9000
0.9000
0.9000
0.9000
0.9000
0.9000
0.9000
0.9000
0.9000
0.9000
0.9000
0.9000
0.8889
0.8889
0.8889
0.8889
0.8889
0.8889
0.8889
0.8889
0.8889
0.8889
0.8889
0.8889
0.8889
0.8889
0.8889
0.8889
0.8889
0.8889
0.8889
0.8889
0.8889
0.8889
0.8889
0.8889
0.8889
0.8889
0.8889
0.8889
0.8889
0.8889
0.8889
0.8886
0.8863
0.8778
0.8635
0.8530
0.8472
0.8061
0.7634
0.7257
0.6686
0.6209
