0.9655
0.9466
0.9268
0.9314
0.9387
0.9468
0.9480
0.9374
0.9214
0.9105
0.9061
0.9292
0.9183
0.8996
0.8852
0.8791
0.8799
0.8986
0.9162
0.9171
0.9124
0.9057
0.9000
0.9014
0.9148
0.9339
0.9466
0.9476
0.9384
0.9251
0.9147
0.9092
0.9046
0.8988
0.8957
0.9000
0.9014
0.9173
0.9083
0.8957
0.8883
0.9339
0.9796
0.9674
0.9674
0.9796
0.9923
0.9984
0.9999
0.9984
0.9927
0.9818
0.9683
0.9478
0.9250
0.9082
0.9074
0.9157
0.9168
0.9266
0.9420
0.9515
0.9371
0.8995
0.8570
0.8986
0.8682
0.8287
0.7923
0.7770
0.7726
0.7667
0.7705
0.7906
0.8161
0.8367
0.8470
0.8479
0.8477
0.8448
0.8276
0.7951
0.7593
0.7289
0.7815
0.7834
0.8046
0.8380
0.8535
0.8172
0.8568
0.8538
0.8428
0.8248
0.8149
0.8248
0.8428
0.8291
0.8291
0.8167
0.7955
0.7841
0.7948
0.8085
0.7922
0.7400
0.6939
0.7050
0.7346
0.7753
0.7949
0.7996
0.7500
0.7500
0.7500
0.7500
0.7500
