0.8889
0.8810
0.8845
0.8936
0.8960
0.8859
0.8714
0.8622
0.8611
0.8703
0.9078
0.9202
0.9196
0.9123
0.9057
0.9079
0.9144
0.9191
0.9194
0.9159
0.9169
0.9241
0.9352
0.9428
0.9504
0.9542
0.9482
0.9334
0.9197
0.9159
0.9221
0.9328
0.9422
0.9436
0.9536
0.9483
0.9434
0.9388
0.9365
0.9343
0.9385
0.9473
0.9540
0.9505
0.9400
0.9325
0.9323
0.9377
0.9476
0.9596
0.9569
0.9563
0.9569
0.9528
0.9460
0.9444
0.9487
0.9521
0.9493
0.9457
0.9435
0.9429
0.9427
0.9415
0.9371
0.9293
0.9238
0.9270
0.9387
0.9529
0.9619
0.9628
0.9593
0.9549
0.9500
0.9451
0.9400
0.9335
0.9266
0.9222
0.9199
0.9194
0.9183
0.9144
0.9067
0.8986
0.8977
0.8999
0.8963
0.8856
0.8726
0.8630
0.8593
0.8589
0.8585
0.8541
0.8552
0.8580
0.8650
0.8740
0.8741
0.8709
0.8548
0.8313
0.8008
0.7784
0.8001
0.8148
0.8325
0.8393
0.8385
0.8319
0.8164
