0.9116
0.9119
0.9120
0.9140
0.9153
0.9171
0.9209
0.9255
0.9306
0.9348
0.9369
0.9383
0.9400
0.9428
0.9454
0.9478
0.9490
0.9497
0.9501
0.9503
0.9499
0.9494
0.9490
0.9490
0.9485
0.9485
0.9477
0.9473
0.9478
0.9478
0.9480
0.9489
0.9483
0.9473
0.9469
0.9463
0.9453
0.9434
0.9428
0.9444
0.9461
0.9477
0.9487
0.9487
0.9483
0.9477
0.9476
0.9480
0.9491
0.9484
0.9477
0.9471
0.9471
0.9478
0.9482
0.9491
0.9492
0.9487
0.9483
0.9475
0.9460
0.9446
0.9443
0.9439
0.9438
0.9434
0.9441
0.9441
0.9420
0.9390
0.9354
0.9346
0.9358
0.9383
0.9387
0.9390
0.9392
0.9393
0.9410
0.9424
0.9419
0.9412
0.9407
0.9420
0.9423
0.9422
0.9402
0.9327
0.9194
0.9004
0.8841
0.8752
0.8676
0.8629
0.8650
0.8693
0.8660
0.8665
0.8653
0.8660
0.8682
0.8690
0.8667
0.8664
0.8659
0.8690
0.8717
