0.8125
0.7882
0.7686
0.7647
0.7813
0.7991
0.8025
0.7979
0.7934
0.7915
0.7950
0.8062
0.8285
0.8541
0.8610
0.8422
0.8190
0.8035
0.8267
0.8637
0.8947
0.9079
0.9085
0.9033
0.8915
0.8855
0.9061
0.9463
0.9822
0.9818
0.9786
0.9821
0.9857
0.9821
0.9787
0.9838
0.9929
0.9983
0.9998
1.0000
1.0000
1.0000
1.0000
1.0000
1.0000
1.0000
1.0000
1.0000
1.0000
1.0000
1.0000
1.0000
1.0000
1.0000
1.0000
1.0000
1.0000
1.0000
1.0000
0.9998
0.9983
0.9927
0.9821
0.9716
0.9658
0.9628
0.9571
0.9481
0.9430
0.9466
0.9513
0.9503
0.9448
0.9353
0.9253
0.9249
0.9306
0.9265
0.9145
0.9146
0.9282
0.9378
0.9409
0.9445
0.9412
0.9231
0.9056
0.9093
0.9280
0.9414
0.9429
0.9350
0.9238
0.9197
0.9249
0.9360
0.9536
0.9748
0.9910
0.9982
1.0000
1.0000
0.9998
0.9980
0.9905
0.9749
0.9598
0.9598
0.9749
0.9905
0.9980
0.9998
1.0000
1.0000
1.0000
1.0000
1.0000
1.0000
0.9998
0.9982
0.9923
0.9826
0.9773
0.9826
0.9923
0.9982
0.9998
1.0000
1.0000
1.0000
1.0000
1.0000
1.0000
1.0000
1.0000
1.0000
0.9998
0.9982
0.9923
0.9826
0.9773
0.9826
0.9923
0.9982
0.9998
1.0000
1.0000
1.0000
1.0000
1.0000
1.0000
1.0000
1.0000
0.9998
0.9979
0.9887
0.9670
0.9406
0.9235
0.9350
0.9568
0.9770
0.9913
0.9981
0.9998
1.0000
1.0000
1.0000
1.0000
1.0000
1.0000
1.0000
1.0000
1.0000
1.0000
1.0000
1.0000
1.0000
1.0000
1.0000
1.0000
1.0000
1.0000
1.0000
1.0000
1.0000
1.0000
1.0000
1.0000
1.0000
1.0000
1.0000
1.0000
1.0000
0.9996
0.9959
0.9812
0.9519
0.9233
0.9168
0.9315
0.9506
0.9617
0.9780
0.9900
0.9984
0.9997
0.9966
0.9787
0.9343
