1.0000
0.9468
0.8996
0.8689
0.8674
0.8909
0.9168
0.9214
0.9038
0.8863
0.8904
0.9115
0.9175
0.8885
0.8476
0.8149
0.8062
0.8193
0.8352
0.8355
0.8223
0.8841
0.9362
0.9770
0.9933
0.9908
0.9822
0.9822
0.9975
0.9877
0.9673
0.9478
0.9420
0.9637
0.9863
0.9969
0.9969
0.9861
0.9609
0.9280
0.9031
0.8814
0.8910
0.9190
0.9560
0.9843
0.9968
0.9997
1.0000
1.0000
1.0000
1.0000
1.0000
1.0000
1.0000
0.9997
0.9968
0.9843
0.9560
0.9190
0.8907
0.8782
0.8753
0.8753
0.8782
0.8907
0.9190
0.9557
0.9811
0.9811
0.9560
0.9219
0.9035
0.9094
0.9247
0.9320
0.9274
0.9188
0.9161
0.9148
0.9036
0.8875
0.8779
0.8753
0.8753
0.8782
0.8907
0.9188
0.9528
0.9689
0.9557
0.9313
0.9193
0.9183
0.9193
0.9315
0.9589
0.9843
0.9939
0.9872
0.9717
0.9631
0.9714
0.9843
0.9814
0.9554
0.9164
0.8814
0.8650
0.8786
0.9156
0.9527
0.9475
0.9353
0.9040
0.8621
0.8161
0.7883
0.7959
0.8170
0.8337
0.8535
0.8878
0.9044
0.9044
0.8654
0.8251
0.7632
0.7877
0.8200
