0.9154
0.9085
0.9062
0.9079
0.9104
0.9128
0.9130
0.9137
0.9150
0.9194
0.9219
0.9222
0.9220
0.9236
0.9269
0.9296
0.9303
0.9290
0.9278
0.9274
0.9281
0.9292
0.9309
0.9326
0.9338
0.9357
0.9383
0.9397
0.9405
0.9406
0.9411
0.9413
0.9412
0.9410
0.9403
0.9391
0.9385
0.9390
0.9412
0.9429
0.9435
0.9434
0.9424
0.9421
0.9425
0.9426
0.9420
0.9417
0.9425
0.9425
0.9429
0.9422
0.9423
0.9436
0.9443
0.9441
0.9437
0.9423
0.9434
0.9436
0.9443
0.9451
0.9443
0.9438
0.9431
0.9425
0.9424
0.9427
0.9425
0.9424
0.9422
0.9420
0.9411
0.9397
0.9391
0.9384
0.9392
0.9391
0.9399
0.9404
0.9403
0.9396
0.9385
0.9375
0.9378
0.9375
0.9375
0.9377
0.9378
0.9371
0.9365
0.9357
0.9362
0.9370
0.9378
0.9382
0.9377
0.9364
0.9352
0.9344
0.9342
0.9351
0.9357
0.9360
0.9356
0.9355
0.9353
0.9355
0.9354
0.9354
0.9349
0.9351
0.9354
0.9357
0.9364
0.9372
0.9368
0.9365
0.9365
0.9358
0.9346
0.9342
0.9332
0.9325
0.9326
0.9328
0.9330
0.9343
0.9346
0.9349
0.9349
0.9327
0.9304
0.9295
0.9298
0.9304
0.9316
0.9327
0.9336
0.9336
0.9342
0.9341
0.9326
0.9300
0.9255
0.9188
0.9093
0.8996
0.8934
0.8893
0.8855
0.8773
0.8710
0.8625
0.8558
0.8485
0.8444
0.8441
0.8410
0.8380
0.8390
0.8360
0.8377
0.8431
0.8442
0.8413
0.8381
0.8348
0.8314
0.8291
