1.0000
0.9152
0.8554
0.8207
0.8079
0.8103
0.8176
0.8220
0.7837
0.7596
0.7423
0.7214
0.7111
0.7155
0.7133
0.6783
0.6180
0.5692
0.5538
0.5644
0.5825
0.5978
0.6160
0.6399
0.6575
0.7213
0.7306
0.7395
0.7378
0.7224
0.7045
0.6981
0.7039
0.7151
0.7290
0.7413
0.7461
0.7415
0.7309
0.7233
0.7208
0.7144
0.7047
0.7082
0.7313
0.7604
0.7789
0.7793
0.7639
0.7443
0.7313
0.7249
0.7256
0.7391
0.7584
0.7624
0.7417
0.7169
0.7187
0.7519
0.7955
0.8271
0.8500
0.8771
0.8975
0.9045
0.8975
0.8773
0.8525
0.8406
0.8481
0.8566
0.8429
0.8119
0.7882
0.7849
0.7990
0.8221
0.8354
0.8659
0.8899
0.8861
0.8749
0.8500
0.8197
0.8057
0.8197
0.8500
0.8747
0.8830
0.8721
0.8389
0.7946
0.7728
0.7946
0.8386
0.8698
0.8745
0.8609
0.8447
0.8357
0.8312
0.8246
0.8169
0.8172
0.8271
0.8424
0.8606
0.8749
0.8752
0.8632
0.8352
0.8339
0.8312
0.8226
0.8180
0.8256
0.8435
0.8593
0.8596
0.8461
0.8352
0.8341
0.8339
0.8322
0.8339
0.8341
0.8352
0.8464
0.8625
0.8718
0.8718
0.8625
0.8467
0.8378
0.8438
0.8500
0.8438
0.8378
0.8467
0.8625
0.8721
0.8747
0.8750
0.8750
0.8747
0.8721
0.8625
0.8467
0.8378
0.8438
0.8500
0.8438
0.8378
0.8467
0.8625
0.8721
0.8747
0.8750
0.8750
0.8747
0.8721
0.8625
0.8467
0.8381
0.8467
0.8625
0.8721
0.8747
0.8747
0.8721
0.8625
0.8467
0.8381
0.8467
0.8625
0.8731
0.8568
0.8535
0.8392
0.8068
0.7649
0.7359
0.7359
0.7649
0.8068
0.8392
0.8535
0.8568
0.8571
0.8571
0.8571
0.8571
0.8571
0.8571
0.8571
0.8571
0.8571
0.8571
0.8571
0.8568
0.8538
0.8425
0.8214
0.8003
0.7887
0.7830
0.7753
0.7723
0.7948
0.8170
0.8340
0.8578
0.9100
1.0000
1.0000
1.0000
1.0000
1.0000
0.9996
0.9953
0.9800
0.9547
0.9409
0.9547
0.9800
0.9953
0.9996
1.0000
0.9996
0.9953
0.9800
0.9542
0.9363
0.9342
0.9300
0.9174
0.9173
0.9446
1.0000
1.0000
1.0000
