0.8958
0.8523
0.8395
0.8457
0.8482
0.8301
0.8081
0.8009
0.8108
0.8331
0.8496
0.8568
0.8571
0.8578
0.8678
0.8882
0.9310
0.9465
0.9511
0.9481
0.9433
0.9406
0.9594
0.9525
0.9409
0.9282
0.9205
0.9216
0.9295
0.9398
0.9508
0.9577
0.9610
0.9632
0.9647
0.9656
0.9674
0.9698
0.9692
0.9633
0.9577
0.9593
0.9663
0.9710
0.9708
0.9698
0.9715
0.9744
0.9756
0.9737
0.9680
0.9594
0.9511
0.9472
0.9483
0.9511
0.9524
0.9506
0.9459
0.9413
0.9413
0.9459
0.9506
0.9529
0.9534
0.9535
0.9535
0.9535
0.9535
0.9524
0.9524
0.9524
0.9524
0.9524
0.9524
0.9524
0.9523
0.9518
0.9500
0.9470
0.9460
0.9500
0.9584
0.9672
0.9726
0.9731
0.9702
0.9668
0.9654
0.9668
0.9702
0.9737
0.9751
0.9738
0.9708
0.9692
0.9708
0.9738
0.9756
0.9756
0.9738
0.9707
0.9685
0.9679
0.9660
0.9632
0.9636
0.9672
0.9679
0.9618
0.9537
0.9499
0.9501
0.9495
0.9470
0.9460
0.9500
0.9584
0.9672
0.9731
0.9750
0.9738
0.9708
0.9692
0.9708
0.9738
0.9750
0.9731
0.9678
0.9608
0.9554
0.9530
0.9524
0.9524
0.9524
0.9524
0.9524
0.9756
0.9756
0.9756
0.9756
0.9756
0.9756
0.9750
0.9732
0.9701
0.9684
0.9701
0.9732
0.9750
0.9749
0.9719
0.9634
0.9485
0.9526
0.9481
0.9444
0.9432
0.9475
0.9563
0.9656
0.9718
0.9737
0.9718
0.9662
0.9588
0.9525
0.9475
0.9412
0.9338
0.9281
0.9257
0.9257
0.9281
0.9338
0.9412
0.9468
0.9488
0.9474
0.9443
0.9426
0.9443
0.9475
0.9494
0.9499
0.9500
0.9500
0.9499
0.9493
0.9463
0.9386
0.9269
0.9149
0.9255
0.9264
0.9250
0.9230
0.9200
0.9147
0.9096
0.9091
0.9121
0.9141
0.9148
0.9172
0.9205
0.9225
0.9230
0.9231
0.9231
0.9231
0.9231
0.9231
0.9231
0.9231
0.9231
0.9230
0.9224
0.9199
0.9142
0.9063
0.9210
0.9203
0.9172
0.9098
0.8986
0.8961
0.8999
0.9007
0.8939
0.8866
0.8836
0.8811
0.8738
0.8603
0.8801
0.8787
0.8713
0.8727
0.8805
0.8699
0.8572
0.8458
0.8328
0.8544
0.8607
