0.8780
0.8558
0.8469
0.8432
0.8293
0.8336
0.8613
0.8815
0.9079
0.9255
0.9311
0.9261
0.9210
0.9217
0.9249
0.9252
0.9248
0.9271
0.9277
0.9215
0.9152
0.9195
0.9317
0.9414
0.9436
0.9444
0.9444
0.9444
0.9444
0.9444
0.9444
0.9438
0.9417
0.9381
0.9362
0.9374
0.9382
0.9347
0.9299
0.9299
0.9354
0.9410
0.9437
0.9437
0.9410
0.9346
0.9259
0.9181
0.9145
0.9176
0.9248
0.9270
0.9182
0.9011
0.8843
0.8758
0.8771
0.8843
0.8929
0.8961
0.8948
0.8909
0.8927
0.8999
0.9092
0.9190
0.9286
0.9348
0.9348
0.9279
0.9158
0.9272
0.9265
0.9237
0.9201
0.9172
0.9158
0.9133
0.9081
0.9072
0.9153
0.9234
0.9281
0.9258
0.9187
0.9103
0.9059
0.9106
0.9216
0.9307
0.9342
0.9300
0.9258
0.9235
0.9258
0.9300
0.9325
0.9325
0.9300
0.9258
0.9235
0.9258
0.9299
0.9316
0.9284
0.9191
0.9083
0.9052
0.9108
0.9150
0.9143
0.9158
0.9224
0.9292
0.9325
0.9333
0.9333
0.9333
0.9324
0.9284
0.9182
0.9034
0.8910
0.8857
0.8822
0.8844
0.8844
0.8820
0.8800
0.8787
0.8723
0.8705
0.8723
0.8703
0.8630
0.8435
0.8262
0.8252
0.8351
0.8713
0.8786
0.8864
0.9010
0.9161
0.9168
0.9228
0.9358
0.9565
0.9545
0.9524
