0.8462
0.8748
0.9202
0.9440
0.9247
0.8881
0.8726
0.8878
0.9211
0.9497
0.9527
0.9290
0.9186
0.9145
0.8762
0.8698
0.9163
0.9283
0.9500
0.9609
0.9643
0.9746
0.9889
0.9974
0.9998
1.0000
1.0000
1.0000
0.9998
0.9971
0.9875
0.9717
0.9631
0.9717
0.9875
0.9971
0.9997
1.0000
1.0000
1.0000
1.0000
1.0000
1.0000
0.9997
0.9971
0.9875
0.9714
0.9602
0.9591
0.9591
0.9602
0.9714
0.9875
0.9971
0.9997
1.0000
1.0000
1.0000
1.0000
1.0000
1.0000
1.0000
1.0000
1.0000
0.9997
0.9971
0.9875
0.9717
0.9631
0.9717
0.9875
0.9971
0.9997
1.0000
1.0000
1.0000
1.0000
0.9997
0.9968
0.9843
0.9560
0.9193
0.8939
0.8939
0.9193
0.9560
0.9843
0.9968
0.9997
1.0000
1.0000
1.0000
1.0000
1.0000
1.0000
1.0000
1.0000
0.9997
0.9968
0.9846
0.9591
0.9347
0.9347
0.9591
0.9846
0.9968
0.9997
1.0000
1.0000
1.0000
1.0000
0.9997
0.9966
0.9814
0.9425
1.0000
1.0000
1.0000
1.0000
1.0000
1.0000
1.0000
1.0000
1.0000
1.0000
1.0000
1.0000
1.0000
1.0000
1.0000
1.0000
1.0000
1.0000
1.0000
1.0000
1.0000
1.0000
1.0000
0.9997
0.9964
0.9821
0.9497
0.9078
0.8784
0.8754
0.8935
0.9173
0.9399
0.9640
0.9854
0.9967
0.9997
1.0000
1.0000
1.0000
1.0000
1.0000
1.0000
1.0000
1.0000
1.0000
0.9997
0.9967
0.9857
0.9676
0.9578
0.9676
0.9857
0.9967
0.9997
1.0000
1.0000
1.0000
1.0000
1.0000
1.0000
1.0000
1.0000
1.0000
1.0000
1.0000
1.0000
1.0000
1.0000
1.0000
1.0000
1.0000
1.0000
1.0000
1.0000
1.0000
1.0000
1.0000
1.0000
1.0000
1.0000
1.0000
1.0000
1.0000
1.0000
1.0000
1.0000
1.0000
1.0000
1.0000
1.0000
1.0000
1.0000
1.0000
1.0000
1.0000
1.0000
1.0000
1.0000
1.0000
1.0000
1.0000
1.0000
1.0000
1.0000
1.0000
1.0000
1.0000
1.0000
1.0000
1.0000
1.0000
1.0000
1.0000
1.0000
1.0000
1.0000
1.0000
1.0000
1.0000
1.0000
1.0000
1.0000
1.0000
1.0000
1.0000
1.0000
1.0000
1.0000
1.0000
1.0000
1.0000
1.0000
1.0000
1.0000
1.0000
0.9997
0.9961
0.9833
0.9622
0.9508
0.9622
0.9833
0.9961
0.9996
1.0000
1.0000
1.0000
0.9996
0.9949
0.9753
0.9342
0.8900
0.8658
0.8437
0.7958
0.7405
0.7089
0.6967
0.6842
0.8439
0.8636
0.9178
0.9692
0.9936
0.9995
1.0000
1.0000
