0.8878
0.8868
0.8833
0.8810
0.8794
0.8801
0.8823
0.8870
0.8917
0.8961
0.8993
0.8992
0.8982
0.8955
0.8947
0.8945
0.8969
0.9026
0.9074
0.9115
0.9146
0.9173
0.9199
0.9199
0.9201
0.9213
0.9227
0.9234
0.9244
0.9263
0.9272
0.9273
0.9262
0.9251
0.9245
0.9250
0.9264
0.9290
0.9291
0.9300
0.9310
0.9324
0.9343
0.9335
0.9320
0.9307
0.9296
0.9299
0.9306
0.9300
0.9300
0.9299
0.9300
0.9298
0.9296
0.9298
0.9283
0.9233
0.9167
0.9103
0.9083
0.9125
0.9198
0.9269
0.9313
0.9339
0.9344
0.9323
0.9302
0.9281
0.9269
0.9270
0.9286
0.9307
0.9319
0.9342
0.9356
0.9359
0.9371
0.9381
0.9382
0.9379
0.9382
0.9384
0.9385
0.9378
0.9389
0.9393
0.9399
0.9411
0.9420
0.9432
0.9430
0.9425
0.9432
0.9435
0.9443
0.9443
0.9453
0.9457
0.9453
0.9446
0.9452
0.9455
0.9456
0.9457
0.9460
0.9457
0.9449
0.9437
0.9433
0.9420
0.9404
0.9396
0.9397
0.9403
0.9400
0.9368
0.9324
0.9258
0.9141
0.9050
0.8975
0.8909
0.8867
0.8871
0.8895
0.8918
0.8919
0.8899
0.8869
0.8896
