0.9677
0.9606
0.9472
0.9306
0.9136
0.9061
0.9099
0.9213
0.9286
0.9292
0.9327
0.9404
0.9412
0.9286
0.9096
0.8957
0.8960
0.9132
0.9382
0.9578
0.9678
0.9767
0.9864
0.9902
0.9830
0.9695
0.9618
0.9651
0.9705
0.9681
0.9604
0.9573
0.9609
0.9635
0.9611
0.9553
0.9510
0.9483
0.9485
0.9499
0.9468
0.9447
0.9518
0.9673
0.9808
0.9853
0.9828
0.9776
0.9691
0.9592
0.9478
0.9382
0.9284
0.9270
0.9230
0.9174
0.9141
0.9141
0.9174
0.9228
0.9247
0.9162
0.9340
0.9293
0.9266
0.9338
0.9454
0.9524
0.9543
0.9545
0.9545
0.9544
0.9533
0.9479
0.9350
0.9194
0.9128
0.9191
0.9277
0.9393
0.9474
0.9513
0.9522
0.9513
0.9476
0.9416
0.9383
0.9416
0.9474
0.9490
0.9387
0.9223
0.9091
0.9126
0.9287
0.9427
0.9486
0.9499
0.9500
0.9500
0.9500
0.9500
0.9500
0.9500
0.9500
0.9500
0.9500
0.9500
0.9500
0.9501
0.9513
0.9562
0.9663
0.9761
0.9761
0.9663
0.9562
0.9512
0.9489
0.9450
0.9387
0.9352
0.9354
0.9421
0.9461
0.9473
0.9444
0.9374
0.9359
0.9300
0.9188
0.9095
0.9040
0.8813
0.8582
0.8216
0.7844
