0.8824
0.8964
0.9070
0.9180
0.9291
0.9270
0.9168
0.9050
0.8999
0.9168
0.9351
0.9429
0.9434
0.9415
0.9300
0.9085
0.8970
0.9116
0.9433
0.9719
0.9847
0.9829
0.9768
0.9684
0.9460
0.9219
0.9164
0.9300
0.9449
0.9541
0.9667
0.9710
0.9637
0.9452
0.9831
0.9772
0.9665
0.9582
0.9482
0.9311
0.9150
0.9168
0.9396
0.9689
0.9894
0.9979
0.9998
1.0000
1.0000
1.0000
1.0000
1.0000
1.0000
1.0000
0.9998
0.9979
0.9909
0.9794
0.9729
0.9773
0.9816
0.9752
0.9638
0.9586
0.9619
0.9682
0.9701
0.9710
0.9792
0.9909
0.9979
0.9998
1.0000
1.0000
1.0000
1.0000
1.0000
1.0000
1.0000
1.0000
0.9998
0.9979
0.9909
0.9794
0.9731
0.9794
0.9909
0.9979
0.9998
1.0000
1.0000
1.0000
1.0000
1.0000
1.0000
1.0000
0.9998
0.9977
0.9888
0.9703
0.9525
0.9525
0.9703
0.9886
0.9956
0.9907
0.9794
0.9731
0.9794
0.9909
0.9979
0.9998
1.0000
1.0000
1.0000
1.0000
0.9998
0.9977
0.9886
0.9682
0.9432
0.9294
0.9299
0.9271
0.9093
0.8932
0.8976
0.9119
0.9155
0.9139
0.9273
0.9498
0.9570
0.9500
0.9523
0.9703
0.9888
0.9977
0.9998
0.9998
0.9979
0.9909
0.9794
0.9731
0.9794
0.9909
0.9979
0.9998
1.0000
0.9998
0.9977
0.9886
0.9680
0.9413
0.9226
0.9207
0.9322
0.9474
0.9617
0.9771
0.9905
0.9956
0.9886
0.9701
0.9504
0.9432
0.9474
0.9507
0.9474
0.9432
0.9504
0.9701
0.9888
0.9977
0.9998
1.0000
1.0000
1.0000
1.0000
1.0000
1.0000
1.0000
1.0000
1.0000
0.9998
0.9977
0.9888
0.9703
0.9525
0.9525
0.9703
0.9888
0.9977
0.9998
1.0000
1.0000
1.0000
1.0000
1.0000
1.0000
1.0000
1.0000
1.0000
0.9998
0.9979
0.9909
0.9792
0.9710
0.9703
0.9703
0.9708
0.9769
0.9797
0.9680
0.9500
0.9413
0.9406
0.9413
0.9502
0.9699
0.9865
0.9865
0.9701
0.9523
0.9502
0.9589
0.9568
0.9388
0.9203
0.9114
0.9093
0.9091
0.9089
0.9070
0.9000
0.8885
0.8822
0.8885
0.8998
0.9049
0.8998
0.8883
0.8801
0.8794
0.8794
0.8801
0.8881
0.8979
0.8979
0.8883
0.8822
0.8885
0.9000
0.9070
0.8993
0.8951
0.8777
0.8446
0.8182
0.8057
0.8412
0.8698
0.8721
0.8503
0.8162
0.8750
0.8750
0.8747
0.8721
0.8622
0.8435
0.8229
0.8050
0.7519
0.8333
0.8333
0.8337
0.8376
0.8539
0.8874
0.8990
0.8434
0.7167
0.7078
0.6751
0.6674
0.6667
0.6667
0.6667
