0.7353
0.7566
0.7726
0.7651
0.7429
0.7037
0.6908
0.7073
0.7408
0.7723
0.7873
0.8029
0.8099
0.8046
0.7865
0.7885
0.7529
0.7187
0.7183
0.7435
0.7824
0.8030
0.7823
0.7550
0.7407
0.7285
0.7302
0.7264
0.7194
0.7172
0.7243
0.7321
0.7273
0.7097
0.6900
0.6731
0.6553
0.6350
0.6188
0.6131
0.6207
0.6427
0.6706
0.6886
0.6936
0.6931
0.6824
0.6523
0.6385
0.6365
0.6574
0.6883
0.7001
0.7204
0.7361
0.7408
0.7321
0.7175
0.7100
0.7154
0.7237
0.7240
0.7188
0.7142
0.7084
0.6973
0.6809
0.6596
0.6298
0.5967
0.5811
0.5941
0.6155
0.6153
0.5919
0.5713
0.5726
0.5888
0.6016
0.6034
0.5840
0.5513
0.5489
0.5621
0.5921
0.6221
0.6353
0.6328
0.6208
0.6011
0.5808
0.5696
0.5685
0.5757
0.5904
0.6109
0.6368
0.6656
0.6894
0.7022
0.6848
0.6497
0.6252
0.6090
0.6117
0.6252
0.6339
0.6337
0.6371
0.6343
0.6653
0.6911
0.6994
0.6938
0.6910
0.7011
0.7174
0.7312
0.7356
0.7261
0.7048
0.6734
0.6294
0.6580
0.6333
0.5944
0.5509
0.5227
0.5058
0.4911
0.4860
0.4948
0.5069
0.5202
0.5442
0.5735
0.5925
0.6018
0.6126
0.6226
0.6217
0.6123
0.6000
0.5827
0.5606
0.6268
0.6316
0.6375
0.6393
0.6403
0.6495
0.6668
0.6857
0.7016
0.7147
0.7269
0.7312
0.7208
0.7061
0.7044
0.7121
0.7084
0.6856
0.6579
0.6419
0.6024
0.5861
0.5546
0.5279
0.5204
0.5274
0.5483
0.5810
0.6023
0.5910
0.5588
0.5412
0.5126
0.5427
0.5522
0.5427
0.5371
0.5398
0.5356
0.5171
0.4980
0.5001
0.5273
0.5603
0.5770
0.5725
0.5600
0.5023
0.4977
0.4889
0.4750
0.4698
0.4862
0.5164
0.5388
0.5388
0.5162
0.4836
0.4589
0.4527
0.4700
0.5118
0.5645
0.6089
0.5935
0.6122
0.6221
0.6247
0.6250
0.6253
0.5714
0.5714
0.5714
0.5714
0.5711
0.5675
0.5499
0.5018
0.4752
0.4233
0.4000
0.4000
0.4000
0.4000
0.4000
0.4000
0.4000
0.4000
0.4000
0.5000
0.5000
0.5000
0.5000
0.5000
0.6667
0.6667
0.6667
0.6659
0.6596
0.6411
0.6244
0.6458
0.6998
0.7216
