0.8529
0.8060
0.7864
0.7943
0.8198
0.8421
0.8435
0.8292
0.8080
0.7897
0.7774
0.7770
0.7861
0.7872
0.7843
0.7762
0.7800
0.8045
0.8135
0.8203
0.8297
0.8463
0.8718
0.8906
0.9004
0.9084
0.9160
0.9172
0.9100
0.9054
0.9054
0.9075
0.9102
0.9127
0.9121
0.9056
0.8991
0.8990
0.9046
0.9111
0.9158
0.9190
0.9175
0.9128
0.9052
0.8962
0.8835
0.8723
0.8656
0.8660
0.8699
0.8879
0.8841
0.8784
0.8734
0.8675
0.8591
0.8510
0.8477
0.8499
0.8534
0.8553
0.8558
0.8562
0.8577
0.8602
0.8621
0.8626
0.8608
0.8641
0.8708
0.8783
0.8828
0.8834
0.8832
0.8848
0.8883
0.8911
0.8907
0.8903
0.8929
0.9006
0.9055
0.9070
0.9090
0.9135
0.9180
0.9217
0.9246
0.9234
0.9209
0.9206
0.9229
0.9213
0.9189
0.9192
0.9201
0.9214
0.9223
0.9243
0.9273
0.9308
0.9340
0.9357
0.9347
0.9348
0.9348
0.9348
0.9348
0.9347
0.9342
0.9321
0.9272
0.9212
0.9180
0.9192
0.9229
0.9278
0.9322
0.9305
0.9261
0.9217
0.9212
0.9233
0.9228
0.9189
0.9166
0.9195
0.9256
0.9290
0.9312
0.9318
0.9318
0.9318
0.9318
0.9318
0.9312
0.9290
0.9244
0.9199
0.9199
0.9244
0.9290
0.9312
0.9312
0.9295
0.9261
0.9228
0.9209
0.9200
0.9187
0.9171
0.9171
0.9192
0.9223
0.9261
0.9295
0.9312
0.9307
0.9267
0.9192
0.9132
0.9143
0.9198
0.9233
0.9245
0.9266
0.9290
0.9284
0.9238
0.9170
0.9114
0.9068
0.9012
0.8949
0.8915
0.8926
0.8954
0.8936
0.8895
0.8790
0.8652
0.8546
0.8494
0.8657
0.8594
0.8530
0.8524
0.8558
0.8542
0.8446
0.8334
0.8285
0.8323
0.8399
0.8439
0.8429
0.8416
0.8410
0.8388
0.8357
0.8339
0.8334
0.8333
0.8333
0.8334
0.8339
0.8363
0.8412
0.8463
0.8482
0.8465
0.8432
0.8382
0.8310
0.8225
0.8164
0.8147
0.8156
0.8174
0.8201
0.8240
0.8303
0.8393
0.8482
0.8542
0.8568
0.8575
0.8542
0.8537
0.8531
0.8512
0.8473
0.8417
0.8322
0.8188
0.8100
0.8121
0.8171
0.8159
0.8121
0.8116
0.8124
0.8119
0.8320
0.8482
0.8544
0.8565
0.8582
0.8634
0.8680
0.8645
0.8597
0.8540
0.8508
0.8480
0.8428
0.8397
0.8434
0.8506
0.8566
0.8604
0.8598
0.8524
0.8417
0.8315
0.8216
0.8149
0.8149
0.8179
0.8212
0.8289
0.8421
0.8552
0.8611
0.8584
0.8513
0.8455
0.8434
0.8449
0.8487
0.8532
0.8535
0.8580
0.8615
0.8615
0.8587
0.8569
0.8587
0.8622
0.8649
0.8681
0.8736
0.8784
0.8728
0.8632
0.8528
0.8457
0.8397
0.8326
0.8229
0.8092
0.7935
0.8023
0.8114
0.8185
0.8111
0.8022
0.7948
0.7965
0.8058
0.8132
0.8117
0.8037
0.7954
0.7897
0.7855
0.7784
0.7672
0.7581
0.7581
0.7671
0.7771
0.7793
0.7970
0.7885
0.7811
0.7767
0.7772
0.7827
0.7884
0.7872
0.7773
0.7665
0.7663
0.7803
0.7930
0.7937
0.7850
0.7789
0.7814
0.7852
0.7860
0.7931
0.8125
0.8319
0.8382
0.8360
0.8341
0.8329
0.8306
0.8289
0.8289
0.8312
0.8345
0.8342
0.8281
0.8220
0.8212
0.8234
0.8266
0.8275
0.8326
0.8251
0.7889
0.7434
0.7300
0.7317
0.7545
0.7804
