0.9414
0.9357
0.9380
0.9393
0.9366
0.9283
0.9208
0.9133
0.9100
0.9127
0.9191
0.9237
0.9237
0.9201
0.9152
0.9102
0.9088
0.9124
0.9241
0.9238
0.9198
0.9177
0.9191
0.9175
0.9214
0.9249
0.9300
0.9332
0.9390
0.9379
0.9343
0.9275
0.9213
0.9166
0.9149
0.9118
0.9123
0.9182
0.9188
0.9246
0.9226
0.9301
0.9293
0.9298
0.9310
0.9298
0.9324
0.9307
0.9225
0.9158
0.9079
0.8981
0.8932
0.8789
0.8707
0.8679
0.8735
0.8691
0.8602
0.8556
0.8523
0.8505
0.8467
0.8417
0.8500
0.8472
0.8488
0.8517
0.8519
0.8510
0.8595
0.8685
0.8802
0.8813
0.8822
0.8817
0.8798
0.8783
0.8750
0.8699
0.8613
0.8486
0.8507
0.8416
0.8302
0.8364
0.8438
0.8522
0.8557
0.8538
0.8469
0.8496
0.8629
0.8641
0.8565
0.8431
0.8303
0.8183
0.8174
0.8054
0.8030
0.8069
0.8126
0.8285
0.8312
0.8284
0.8219
0.8175
0.8180
0.8140
0.8061
0.8005
0.7919
0.7973
0.7942
0.7938
0.7959
0.8114
0.8101
0.8050
0.8056
0.8112
0.8202
0.8259
0.8203
0.8118
0.8043
0.8038
0.8095
0.8145
0.8149
0.8088
0.8211
0.8166
0.8071
0.8031
0.8035
0.8090
0.8125
0.8131
0.8162
0.8256
0.8431
0.8652
0.8804
0.8880
0.8907
0.8913
0.9111
0.9106
0.9088
0.9056
0.9023
0.9010
0.9023
0.9050
0.9060
0.9028
0.8973
0.8950
0.9001
0.9092
0.9214
0.9295
0.9305
0.9207
0.9002
0.8766
0.8713
0.8841
0.8964
0.8900
0.8780
0.8671
0.8780
0.8962
0.9127
0.9259
0.9316
0.9289
0.9235
0.9179
0.9096
0.9217
0.9257
0.9296
0.9312
0.9277
0.9243
0.9199
0.9200
0.9106
0.8955
0.8774
0.8665
0.8735
0.8797
0.8793
0.8724
0.8566
0.8357
