0.9143
0.9055
0.8721
0.8388
0.8269
0.8306
0.8455
0.8613
0.8670
0.8602
0.8464
0.8219
0.7932
0.7536
0.7162
0.7023
0.7075
0.7353
0.7567
0.7721
0.7879
0.8055
0.8224
0.8351
0.8362
0.8340
0.8308
0.8099
0.7779
0.7596
0.7639
0.7659
0.7555
0.7705
0.7914
0.8286
0.8543
0.8588
0.8363
0.8112
0.7976
0.7790
0.7654
0.7503
0.7491
0.7701
0.8024
0.8261
0.8283
0.8142
0.8013
0.7898
0.7942
0.7960
0.7973
0.8015
0.7997
0.7829
0.7677
0.7810
0.8229
0.9065
0.9166
0.9108
0.9153
0.9250
0.9202
0.9037
0.8985
0.9162
0.9354
0.9273
0.9106
0.9092
0.9234
0.9425
0.9627
0.9429
0.9142
0.8903
0.8811
0.9307
0.9360
0.9378
0.9405
0.9291
0.9462
0.9181
0.8922
0.8799
0.8737
0.8634
0.8783
0.8937
0.8982
0.8869
0.8842
0.8961
0.9041
0.8960
0.8827
0.8827
0.8963
0.9000
0.9040
0.9108
0.9153
0.9206
0.9161
0.9110
0.9093
0.9093
0.9112
0.9182
0.9295
0.9338
0.9206
0.8976
0.8843
0.8887
0.9000
0.9070
0.9089
0.9091
0.9091
0.8998
0.8975
0.8877
0.8671
0.8457
0.8401
0.8549
0.8704
0.9074
0.9390
0.9554
0.9490
0.9229
0.8912
0.8635
0.8398
0.8134
0.7806
0.7563
0.7552
0.7671
0.7780
0.7915
0.8169
0.8497
0.8749
0.8872
0.8779
0.8875
0.9033
0.9122
0.8925
0.8821
0.8749
0.8493
0.7970
0.7465
0.7212
0.7149
0.7143
0.7143
0.7143
0.7146
0.7179
0.7322
0.7646
0.8068
0.8392
0.8535
0.8568
0.8571
0.8571
0.8571
0.8571
1.0000
0.9996
0.9958
0.9753
0.9346
0.8956
0.8956
0.9346
0.9753
0.9949
0.9996
1.0000
0.9996
0.9949
0.9749
0.9295
0.8705
0.8251
0.8051
0.8009
0.8047
0.8200
0.8458
0.8642
0.8705
0.8905
0.9342
0.9753
0.9949
0.9996
1.0000
1.0000
1.0000
0.9996
0.9953
0.9795
0.9496
0.9166
0.8875
0.8480
0.9744
0.9370
0.8953
0.8616
0.8440
0.8637
0.8899
