0.9131
0.8987
0.8909
0.8915
0.8934
0.8975
0.8990
0.9006
0.9027
0.9062
0.9028
0.9004
0.8991
0.8991
0.9007
0.9030
0.9022
0.9013
0.9025
0.9031
0.9030
0.9052
0.9101
0.9139
0.9142
0.9151
0.9119
0.9087
0.9075
0.9074
0.9037
0.8977
0.8925
0.8851
0.8802
0.8774
0.8785
0.8780
0.8776
0.8775
0.8813
0.8846
0.8911
0.8956
0.8956
0.8941
0.8946
0.8951
0.8980
0.9000
0.9035
0.9052
0.9065
0.9081
0.9058
0.9020
0.8979
0.8926
0.8882
0.8846
0.8829
0.8833
0.8856
0.8874
0.8942
0.8967
0.8978
0.8999
0.8983
0.8980
0.8961
0.8921
0.8910
0.8916
0.8936
0.8942
0.8939
0.8933
0.8930
0.8942
0.8913
0.8875
0.8835
0.8809
0.8792
0.8792
0.8789
0.8800
0.8794
0.8816
0.8816
0.8817
0.8810
0.8830
0.8859
0.8899
0.8915
0.8933
0.8957
0.8979
0.9004
0.8983
0.8953
0.8889
0.8836
0.8855
0.8891
0.8917
0.8946
0.8926
0.8888
0.8870
0.8876
0.8890
0.8910
0.8927
0.8940
0.8978
0.8999
0.9001
0.8963
0.8910
0.8841
0.8827
0.8835
0.8842
0.8841
0.8831
0.8827
0.8863
0.8877
0.8880
0.8883
0.8901
0.8894
0.8895
0.8899
0.8896
0.8921
0.8949
0.8989
0.9010
0.9002
0.8972
0.8942
0.8957
0.8979
0.8994
0.8987
0.8965
0.8940
0.8929
0.8927
0.8921
0.8926
0.8909
0.8847
0.8793
0.8757
0.8739
0.8736
0.8754
0.8781
0.8803
0.8833
0.8847
0.8858
0.8885
0.8916
0.8957
0.8969
0.8980
0.8956
0.8956
0.8947
0.8940
0.8931
0.8915
0.8891
0.8857
0.8827
0.8815
0.8806
0.8812
0.8786
0.8736
0.8692
0.8604
0.8557
0.8489
0.8540
0.8634
0.8678
