0.9048
0.8732
0.8600
0.8144
0.7511
0.7176
0.6776
0.6573
0.6626
0.6915
0.7264
0.7426
0.7358
0.7228
0.6925
0.6851
0.6770
0.6756
0.6583
0.6478
0.7002
0.7043
0.7070
0.6648
0.6452
0.6378
0.6446
0.6581
0.6748
0.6898
0.6979
0.7023
0.7126
0.7058
0.7384
0.7610
0.7610
0.7386
0.7086
0.6946
0.7081
0.7335
0.7390
0.7134
0.6867
0.6946
0.7303
0.7615
0.7747
0.7775
0.7778
0.7775
0.7754
0.7695
0.7663
0.7815
0.8134
0.8185
0.8320
0.8461
0.8625
0.8721
0.8747
0.8750
0.8750
0.8750
0.8750
0.8750
0.8747
0.8721
0.8625
0.8464
0.8352
0.8346
0.8148
0.8272
0.8333
0.8333
0.8333
0.8333
0.8333
0.8330
0.8291
0.8128
0.7346
0.6956
0.6956
0.7346
0.7753
0.7949
0.7996
0.8000
0.8000
0.8000
0.8000
0.8000
0.8000
0.8000
0.8000
0.8000
0.8000
0.8000
0.8000
0.8000
0.8000
0.8000
0.8000
0.8000
0.8000
0.8000
0.8000
0.8000
0.8000
0.8000
0.8000
0.7500
0.7500
