0.9234
0.9112
0.9008
0.8912
0.8897
0.8892
0.8892
0.8887
0.8868
0.8806
0.8826
0.8854
0.8899
0.8923
0.8915
0.8885
0.8859
0.8848
0.8854
0.8878
0.8929
0.8982
0.9004
0.9040
0.9036
0.9018
0.9002
0.8982
0.8951
0.8923
0.8918
0.8911
0.8891
0.8870
0.8881
0.8905
0.8923
0.8936
0.8953
0.8953
0.8926
0.8861
0.8801
0.8780
0.8778
0.8750
0.8688
0.8634
0.8610
0.8620
0.8652
0.8702
0.8710
0.8666
0.8618
0.8602
0.8626
0.8664
0.8708
0.8673
0.8627
0.8658
0.8695
0.8742
0.8776
0.8801
0.8839
0.8879
0.8952
0.8983
0.8958
0.8927
0.8886
0.8845
0.8848
0.8840
0.8853
0.8859
0.8879
0.8928
0.8977
0.8979
0.8940
0.8875
0.8810
0.8781
0.8831
0.8903
0.8933
0.8913
0.8885
0.8858
0.8823
0.8787
0.8761
0.8763
0.8780
0.8799
0.8811
0.8803
0.8763
0.8692
0.8602
0.8551
0.8549
0.8571
0.8606
0.8629
0.8628
0.8652
0.8689
0.8717
0.8783
0.8776
0.8746
0.8721
0.8736
0.8788
0.8832
0.8815
0.8804
0.8764
0.8748
0.8690
0.8665
0.8655
0.8645
0.8652
0.8670
0.8694
0.8698
0.8696
0.8675
0.8644
0.8664
0.8714
0.8734
0.8780
0.8816
0.8837
0.8852
0.8836
0.8815
0.8788
0.8786
0.8810
0.8834
0.8855
0.8883
0.8909
0.8928
0.8951
0.8973
0.8985
0.8972
0.8946
0.8920
0.8904
0.8918
0.8943
0.8968
0.9007
0.9049
0.9075
0.9070
0.9060
0.9055
0.9051
0.9035
0.9019
0.9026
0.9052
0.9081
0.9104
0.9121
0.9135
0.9143
0.9139
0.9125
0.9105
0.9082
0.9056
0.9049
0.9053
0.9050
0.9027
0.8999
0.8982
0.8989
0.9019
0.9052
0.9076
0.9086
0.9097
0.9114
0.9179
0.9181
0.9179
0.9167
0.9138
0.9153
0.9152
0.9162
0.9194
0.9215
0.9187
0.9187
0.9179
0.9200
0.9230
0.9229
0.9243
0.9226
0.9214
0.9199
0.9175
0.9174
0.9178
0.9159
0.9124
0.9080
0.9057
0.9046
0.9021
0.9039
0.9020
0.8981
0.8938
0.8897
0.8887
0.8891
0.8882
0.8850
0.8804
0.8737
0.8730
0.8722
0.8734
0.8709
0.8705
0.8716
0.8719
0.8703
0.8679
0.8724
0.8744
0.8862
0.8905
0.8913
0.8902
0.8908
0.8919
0.8950
0.8977
0.8994
0.9000
0.9016
0.9032
0.9034
0.9037
0.9032
0.9005
0.8960
0.9005
0.9022
0.9103
0.9116
0.9081
0.9034
0.8992
0.9033
0.9043
0.9089
0.9141
0.9174
0.9192
0.9206
0.9279
0.9263
0.9234
0.9208
0.9251
0.9276
0.9309
0.9339
0.9346
0.9307
0.9254
0.9214
0.9207
0.9227
0.9258
0.9282
0.9288
0.9271
0.9234
0.9203
0.9171
0.9133
0.9106
0.9098
0.9154
0.9182
0.9222
0.9268
0.9295
0.9304
0.9357
0.9363
0.9353
0.9332
0.9304
0.9270
0.9238
0.9207
0.9177
0.9165
0.9182
0.9211
0.9214
0.9184
0.9141
0.9127
0.9134
0.9158
0.9191
0.9225
0.9231
0.9212
0.9191
0.9176
0.9154
0.9115
0.9078
0.9071
0.9097
0.9100
0.9057
0.9074
0.9066
0.9081
0.9105
0.9044
0.8982
0.8892
0.8781
0.8671
0.8695
0.8885
0.9055
