0.7662
0.8319
0.8763
0.8785
0.8762
0.8791
0.8805
0.8801
0.8777
0.8899
0.8970
0.9100
0.9197
0.9265
0.9292
0.9283
0.9236
0.9178
0.9116
0.9034
0.9113
0.9096
0.9181
0.9268
0.9265
0.9199
0.9153
0.9147
0.9157
0.9162
0.9139
0.9079
0.9043
0.9024
0.9028
0.9070
0.9126
0.9156
0.9152
0.9147
0.9166
0.9183
0.9164
0.9135
0.9145
0.9166
0.9099
0.8927
0.8791
0.8836
0.9015
0.9096
0.9103
0.9097
0.9101
0.9124
0.9089
0.9038
0.8962
0.8836
0.8727
0.8693
0.8736
0.8784
0.8793
0.8788
0.8802
0.8822
0.8818
0.8778
0.8725
0.8688
0.8665
0.8633
0.8623
0.8682
0.8777
0.8843
0.9046
0.9044
0.9015
0.8980
0.8967
0.8998
0.9051
0.9045
0.8991
0.8939
0.8927
0.8884
0.8784
0.8708
0.8695
0.8716
0.8745
0.8765
0.8776
0.8820
0.8925
0.9050
0.9124
0.9119
0.9064
0.8975
0.8896
0.8985
0.9031
0.9064
0.9075
0.9006
0.8947
0.8923
0.8928
0.8999
0.9096
