0.8421
0.9255
0.9438
0.9404
0.9326
0.9235
0.9190
0.9231
0.9282
0.9219
0.9013
0.8629
0.8571
0.8680
0.8767
0.8732
0.8643
0.8588
0.8573
0.8570
0.8553
0.8482
0.8191
0.7963
0.7789
0.7712
0.7694
0.7692
0.7692
0.7692
0.7694
0.7712
0.7789
0.7963
0.8191
0.8365
0.8442
0.8460
0.8462
0.8462
0.8462
0.8462
0.8462
0.8462
0.8462
0.8462
0.8462
0.8462
0.8462
0.8462
0.8462
0.8462
0.8462
0.8462
0.8462
0.8460
0.8445
0.8404
0.8249
0.8381
0.8684
0.8979
0.9047
0.9087
0.9091
0.9091
0.9091
0.9091
0.9091
0.9091
0.9091
0.9091
0.9089
0.9070
0.9000
0.8885
0.8822
0.8885
0.9000
0.9070
0.9089
0.9091
0.9091
0.9091
0.9091
0.9091
0.9091
0.9091
0.9000
0.8889
0.8889
0.8889
0.8889
0.8750
0.8750
0.8750
0.8750
0.8750
0.8750
0.8750
0.8750
0.8750
0.8750
0.8750
0.8750
0.8750
0.8750
0.8750
0.8750
0.8750
0.8750
0.8571
0.8571
0.8571
0.8571
0.8571
0.8571
0.8330
0.8295
0.8167
0.7955
0.7844
0.9570
0.9830
0.9936
0.9686
0.9119
0.8381
0.7814
0.7539
1.0000
