0.9355
0.9367
0.9352
0.9284
0.9171
0.9087
0.9074
0.9113
0.9153
0.9154
0.9067
0.9071
0.9144
0.9223
0.9209
0.9083
0.8950
0.8949
0.9076
0.9184
0.9191
0.9165
0.9179
0.9196
0.9205
0.9152
0.9054
0.8973
0.8938
0.8929
0.8929
0.8929
0.8938
0.8982
0.9099
0.9286
0.9472
0.9589
0.9632
0.9634
0.9593
0.9546
0.9519
0.9528
0.9508
0.9397
0.9234
0.9101
0.9038
0.9058
0.9068
0.9149
0.9170
0.9073
0.8891
0.8785
0.8849
0.9054
0.9250
0.9370
0.9455
0.9520
0.9523
0.9486
0.9375
0.9207
0.9055
0.9015
0.9103
0.9200
0.9311
0.9360
0.9386
0.9219
0.8869
0.8524
