0.8400
0.8904
0.9216
0.9668
0.9596
0.9279
0.8841
0.8534
0.8503
0.8666
0.8869
0.8970
0.9008
0.8895
0.8743
0.8704
0.8749
0.8787
0.8841
0.8939
0.9011
0.8955
0.8722
0.8751
0.8690
0.8740
0.8833
0.8880
0.8894
0.8928
0.8952
0.8928
0.8895
0.8891
0.8881
0.8847
0.8820
0.8812
0.8821
0.8800
0.8862
0.8887
0.8825
0.8738
0.8738
0.8825
0.8888
0.8873
0.8840
0.8837
0.8837
0.8841
0.8886
0.8948
0.8965
0.8899
0.8773
0.8702
0.8747
0.8761
0.8551
0.8132
0.8078
0.8027
0.7988
0.7844
0.7699
0.7761
0.8058
0.8353
0.8431
0.8305
0.8401
0.8525
