0.7778
0.8050
0.8218
0.8234
0.8191
0.8192
0.8287
0.8219
0.8196
0.8290
0.8386
0.8349
0.8356
0.8578
0.8809
0.8862
0.8735
0.8470
0.8367
0.8338
0.8744
0.8706
0.9122
0.9213
0.9249
0.9178
0.8880
0.8545
0.8334
0.8352
0.8557
0.8840
0.8996
0.8864
0.8731
0.8679
0.8727
0.8817
0.8772
0.8450
0.8017
0.7576
0.8528
0.8775
0.8946
0.9027
0.8965
0.8812
0.8748
0.8654
0.8724
0.8747
0.8750
0.8750
0.8750
0.8750
0.8750
1.0000
1.0000
1.0000
1.0000
1.0000
1.0000
1.0000
1.0000
1.0000
0.9997
0.9967
0.9857
0.9676
0.9578
0.9676
0.9857
0.9967
0.9997
1.0000
0.9997
0.9967
0.9857
0.9676
0.9578
0.9676
0.9857
0.9978
