0.9000
0.8663
0.8433
0.8130
0.7958
0.8103
0.8297
0.8409
0.8440
0.8488
0.8571
0.8616
0.8534
0.8528
0.8466
0.8320
0.8187
0.8233
0.8585
0.9105
0.9419
0.9391
0.9263
0.9248
0.9299
0.9297
0.9215
0.9097
0.8949
0.8751
0.8567
0.8481
0.8503
0.8579
0.8622
0.8579
0.8501
0.8467
0.8503
0.8595
0.8702
0.8819
0.8984
0.8982
0.9083
0.9101
0.8930
0.8703
0.8601
0.8634
0.8735
0.8885
0.9032
0.9098
0.9119
0.9181
0.9267
0.9318
0.9332
0.9333
0.9333
0.9335
0.9349
0.9400
0.9486
0.9546
0.9553
0.9575
0.9605
0.9701
0.9820
0.9927
0.9983
0.9998
1.0000
1.0000
1.0000
1.0000
1.0000
1.0000
1.0000
1.0000
1.0000
1.0000
1.0000
1.0000
1.0000
1.0000
1.0000
1.0000
1.0000
1.0000
1.0000
1.0000
1.0000
1.0000
1.0000
1.0000
1.0000
1.0000
1.0000
1.0000
1.0000
1.0000
1.0000
1.0000
1.0000
1.0000
0.9998
0.9977
0.9866
0.9556
0.9056
0.8600
0.8384
0.8311
0.8194
0.8058
0.8056
0.8173
0.8191
0.7979
0.7661
0.7476
0.7563
0.7872
0.8184
0.8389
0.8596
0.8822
0.8942
0.8963
0.8958
0.8885
0.8734
0.8655
0.8770
0.9040
0.9328
0.9535
0.9674
0.9806
0.9921
0.9980
0.9979
0.9905
0.9749
0.9598
0.9598
0.9749
0.9905
0.9980
0.9998
1.0000
1.0000
1.0000
1.0000
1.0000
1.0000
0.9998
0.9982
0.9923
0.9826
0.9773
0.9826
0.9923
0.9982
0.9998
1.0000
1.0000
1.0000
0.9998
0.9980
0.9903
0.9729
0.9503
0.9345
0.9329
0.9425
0.9537
0.9599
0.9630
0.9676
0.9732
0.9753
0.9756
0.9809
0.9752
0.9792
0.9833
0.9792
0.9752
0.9811
0.9917
0.9981
0.9998
1.0000
1.0000
1.0000
1.0000
1.0000
1.0000
1.0000
1.0000
1.0000
1.0000
1.0000
1.0000
1.0000
1.0000
1.0000
1.0000
1.0000
1.0000
1.0000
1.0000
1.0000
0.9998
0.9977
0.9886
0.9680
0.9411
0.9207
0.9137
0.9207
0.9409
0.9659
0.9795
0.9769
0.9708
0.9703
0.9703
0.9710
0.9792
0.9909
0.9979
0.9996
0.9975
0.9865
0.9582
1.0000
1.0000
1.0000
1.0000
1.0000
1.0000
1.0000
1.0000
1.0000
1.0000
1.0000
1.0000
1.0000
1.0000
1.0000
1.0000
1.0000
1.0000
1.0000
1.0000
1.0000
1.0000
1.0000
1.0000
1.0000
1.0000
1.0000
1.0000
1.0000
1.0000
1.0000
1.0000
0.9998
0.9974
0.9889
0.9746
0.9643
0.9609
0.9432
0.9147
0.8873
