0.8966
0.9176
0.9374
0.9539
0.9619
0.9665
0.9714
0.9748
0.9759
0.9788
0.9832
0.9832
0.9787
0.9751
0.9721
0.9680
0.9688
0.9786
0.9838
0.9894
0.9920
0.9884
0.9790
0.9650
0.9497
0.9396
0.9737
0.9732
0.9741
0.9777
0.9822
0.9849
0.9818
0.9731
0.9640
0.9571
0.9520
0.9535
0.9688
0.9741
0.9854
0.9948
0.9989
0.9999
1.0000
1.0000
1.0000
1.0000
0.9999
0.9989
0.9955
0.9897
0.9866
0.9897
0.9955
0.9989
0.9999
1.0000
1.0000
1.0000
1.0000
1.0000
1.0000
1.0000
1.0000
1.0000
1.0000
0.9999
0.9988
0.9950
0.9881
0.9844
0.9881
0.9947
0.9988
0.9998
0.9988
0.9948
0.9884
0.9835
0.9853
0.9767
0.9717
0.9753
0.9844
0.9936
0.9985
0.9999
1.0000
1.0000
1.0000
1.0000
1.0000
1.0000
1.0000
1.0000
1.0000
1.0000
1.0000
1.0000
1.0000
0.9999
0.9983
0.9919
0.9786
0.9634
0.9529
0.9356
1.0000
1.0000
1.0000
0.9998
0.9981
0.9915
0.9787
0.9610
0.9339
0.9599
0.9332
0.8825
0.8141
0.8212
