0.7727
0.8339
0.8556
0.8743
0.8882
0.8961
0.8952
0.9236
0.9250
0.9236
0.9149
0.8988
0.8864
0.8816
0.8810
0.8874
0.9027
0.9169
0.9192
0.9140
0.9153
0.9263
0.9376
0.9430
0.9443
0.9444
0.9444
0.9442
0.9419
0.9332
0.9180
0.9059
0.9052
0.9101
0.9111
0.9095
0.9127
0.9193
0.9194
0.9140
0.9153
0.9263
0.9376
0.9430
0.9443
0.9442
0.9419
0.9333
0.9190
0.9035
0.9012
0.8955
0.8845
0.8837
0.9002
0.9266
0.9543
0.9764
0.9865
0.9838
0.9766
0.9732
0.9752
0.9780
0.9748
0.9679
0.9692
0.9808
0.9927
0.9985
0.9997
0.9986
0.9937
0.9858
0.9815
0.9847
0.9916
0.9902
0.9769
0.9564
1.0000
1.0000
1.0000
1.0000
1.0000
1.0000
1.0000
1.0000
1.0000
1.0000
0.9998
0.9983
0.9927
0.9821
0.9717
0.9676
0.9716
0.9802
0.9819
0.9645
0.9320
0.9100
0.9239
0.9713
0.9825
0.9788
0.9692
0.9633
0.9619
0.9633
0.9694
0.9806
0.9903
0.9903
0.9804
0.9674
0.9537
0.9348
0.9135
0.9021
0.9058
0.9154
0.9213
0.9229
0.9231
0.9232
0.9250
0.9271
0.9460
0.9706
0.9895
0.9979
0.9998
1.0000
1.0000
1.0000
1.0000
1.0000
1.0000
1.0000
1.0000
1.0000
1.0000
1.0000
1.0000
1.0000
1.0000
1.0000
1.0000
1.0000
1.0000
1.0000
1.0000
1.0000
1.0000
1.0000
1.0000
1.0000
1.0000
1.0000
1.0000
1.0000
1.0000
1.0000
1.0000
1.0000
1.0000
1.0000
1.0000
1.0000
1.0000
1.0000
1.0000
1.0000
1.0000
1.0000
1.0000
1.0000
0.9998
0.9975
0.9861
0.9543
0.8970
0.9000
0.8673
0.8354
0.7917
0.7806
0.8753
0.8750
1.0000
1.0000
