0.9756
0.9651
0.9550
0.9458
0.9388
0.9294
0.9111
0.8972
0.8997
0.9154
0.9290
0.9341
0.9383
0.9471
0.9601
0.9682
0.9678
0.9592
0.9430
0.9203
0.9239
0.9256
0.9308
0.9344
0.9323
0.9311
0.9357
0.9452
0.9486
0.9424
0.9377
0.9418
0.9463
0.9415
0.9344
0.9363
0.9438
0.9487
0.9529
0.9590
0.9622
0.9590
0.9537
0.9532
0.9567
0.9569
0.9539
0.9460
0.9319
0.9436
0.9509
0.9646
0.9773
0.9855
0.9910
0.9927
0.9881
0.9788
1.0000
0.9999
0.9992
0.9958
0.9883
0.9784
0.9709
0.9675
0.9667
0.9667
0.9667
0.9667
0.9655
0.9655
0.9655
0.9643
0.9643
0.9643
0.9643
0.9643
0.9643
0.9643
0.9643
0.9643
0.9643
0.9642
0.9635
0.9607
0.9562
0.9537
0.9562
0.9607
0.9621
0.9629
0.9630
0.9630
0.9615
0.9600
0.9600
0.9600
0.9600
0.9600
0.9600
0.9583
0.9583
0.9583
0.9583
0.9583
0.9583
0.9584
0.9593
0.9626
0.9688
0.9759
0.9825
0.9895
0.9957
0.9990
0.9998
0.9990
0.9958
0.9906
0.9877
0.9906
0.9958
0.9990
0.9999
1.0000
0.9999
0.9989
0.9949
0.9864
0.9782
0.9782
0.9864
0.9949
0.9989
0.9999
0.9999
0.9989
0.9945
0.9840
0.9706
0.9603
0.9557
0.9546
0.9545
0.9545
0.9544
0.9535
0.9502
0.9456
0.9431
0.9500
0.9473
0.9461
0.9421
0.9353
0.9267
0.9263
0.9263
0.9267
0.9317
0.9389
0.9432
0.9410
0.9412
0.9412
0.9375
0.9375
0.9333
0.9286
