1.0000
0.9647
0.9333
0.9056
0.8831
0.8682
0.8617
0.8583
0.8669
0.8761
0.8840
0.8937
0.9029
0.9011
0.8838
0.8663
0.8692
0.8898
0.9082
0.9129
0.9057
0.8940
0.8840
0.8761
0.8669
0.8581
0.8542
0.8539
0.8541
0.8571
0.8619
0.8620
0.8581
0.8589
0.8659
0.8701
0.8659
0.8590
0.8591
0.8614
0.8698
0.8730
0.8707
0.8656
0.8627
0.8656
0.8708
0.8740
0.8749
0.8750
0.8750
0.8750
0.8751
0.8761
0.8802
0.8849
0.8977
0.9076
0.9119
0.9129
0.9130
0.9130
0.9130
0.9130
0.9130
0.9131
0.9141
0.9185
0.9284
0.9412
0.9511
0.9534
0.9544
0.9544
0.9534
0.9465
0.9337
0.9238
0.9227
0.9251
0.9306
0.9323
0.9410
0.9412
0.9410
0.9396
0.9323
0.9127
0.9267
0.9180
0.9124
0.9168
0.9231
0.9231
0.9231
0.9231
