0.8621
0.8482
0.8450
0.8607
0.8816
0.8986
0.9117
0.9276
0.9408
0.9356
0.9153
0.8999
0.8954
0.8887
0.8722
0.8554
0.8513
0.8586
0.8681
0.8770
0.8843
0.8896
0.8956
0.9014
0.9039
0.9051
0.9061
0.9011
0.8864
0.8689
0.8599
0.8600
0.8607
0.8636
0.8777
0.8998
0.9153
0.9185
0.9170
0.9161
0.9132
0.9081
0.9045
0.9006
0.8913
0.8787
0.8685
0.8639
0.8642
0.8679
0.8769
0.8930
0.9117
0.9276
0.9323
0.9277
0.9093
0.8872
0.8797
0.8907
0.9067
0.9129
0.9082
0.9050
0.9146
0.9318
0.9540
0.9506
0.9463
0.9427
0.9349
0.9214
0.9045
0.8884
0.8790
0.8768
0.8742
0.8659
0.8551
0.8501
0.8561
0.8709
0.8881
0.9010
0.9068
0.9122
0.9249
0.9419
0.9540
0.9588
0.9590
0.9561
0.9519
0.9521
0.9590
0.9629
0.9551
0.9431
0.9411
0.9520
0.9691
0.9839
0.9899
0.9849
0.9740
0.9650
0.9609
0.9592
0.9560
0.9508
0.9473
0.9468
0.9459
0.9422
0.9367
0.9292
0.9210
0.9159
0.9174
0.9237
0.9290
0.9311
0.9276
0.9151
0.8981
0.8860
0.8820
0.8842
0.8901
0.8968
0.9022
0.9059
0.9068
0.9072
0.9098
0.9111
0.9060
0.8990
0.8990
0.9060
0.9110
0.9089
0.9032
0.8979
0.8951
0.8982
0.9068
0.9151
0.9190
0.9199
0.9200
0.9200
0.9200
0.9200
0.9199
0.9191
0.9160
0.9072
0.9043
0.9062
0.9073
0.9010
0.8896
0.8802
0.8761
0.8751
0.8751
0.8761
0.8801
0.8886
0.8967
0.8958
0.8844
0.8697
0.8596
0.8562
0.8586
0.8651
0.8715
0.8696
0.8696
0.8696
0.8696
0.8696
0.8696
0.8696
0.8696
0.8696
0.8696
0.8696
0.8695
0.8686
0.8652
0.8597
0.8567
0.8597
0.8652
0.8686
0.8695
0.8697
0.8707
0.8750
0.8849
0.8977
0.9076
0.9119
0.9129
0.9119
0.9076
0.8977
0.8848
0.8739
0.8652
0.8543
0.8413
0.8304
0.8218
0.8034
0.7943
0.7935
0.7998
0.8068
0.8141
0.8235
0.8353
0.8537
0.8779
0.8966
0.9011
0.8929
0.8796
0.8694
0.8659
0.8694
0.8795
0.8919
0.8977
0.8919
0.8795
0.8693
0.8648
0.8637
0.8636
0.8636
0.8636
0.8636
0.8636
0.8636
0.8636
0.8636
0.8636
0.8636
0.8636
0.8635
0.8627
0.8601
0.8580
0.8617
0.8725
0.8854
0.8966
0.9043
0.9080
0.9090
0.9091
0.9091
0.9091
0.9091
0.9091
0.9091
0.9091
0.9091
0.9091
0.9091
0.9091
0.9091
0.9091
0.9091
0.9090
0.9079
0.9035
0.8942
0.8854
0.8854
0.8942
0.9034
0.9068
0.9033
0.8931
0.8796
0.8693
0.8649
0.8649
0.8693
0.8795
0.8920
0.8988
0.8976
0.8955
0.8977
0.8999
0.8966
0.8899
0.8828
0.8752
0.8693
0.8692
0.8740
0.8771
0.8739
0.8682
0.8647
0.8637
0.8636
0.8636
0.8635
0.8625
0.8580
0.8488
0.8399
0.8399
0.8487
0.8570
0.8579
0.8532
0.8502
0.8533
0.8591
0.8626
0.8635
0.8636
0.8636
0.8636
0.8636
0.8636
0.8636
0.8636
0.8636
0.8636
0.8636
0.8636
0.8636
0.8636
0.8635
0.8626
0.8590
0.8522
0.8445
0.8374
0.8308
0.8204
0.8273
0.8394
0.8464
0.8451
0.8430
0.8463
0.8523
0.8549
0.8524
0.8476
0.8490
0.8630
0.8820
0.8917
0.8866
0.8727
0.8584
0.8476
0.8432
0.8463
0.8524
0.8488
0.8499
0.8500
0.8500
0.8500
0.8500
0.8500
0.8421
0.8421
0.8420
0.8408
0.8355
0.8237
0.7989
0.7933
0.7952
0.8272
0.8538
0.8702
0.8691
0.8943
0.8692
0.8442
0.8120
