0.7910
0.8116
0.8368
0.8647
0.8738
0.8667
0.8566
0.8495
0.8464
0.8600
0.8563
0.8512
0.8496
0.8513
0.8524
0.8523
0.8520
0.8533
0.8597
0.8712
0.8795
0.8800
0.8792
0.8828
0.8880
0.8912
0.8924
0.8914
0.8866
0.8778
0.8737
0.8780
0.8872
0.8951
0.8979
0.8943
0.8911
0.8892
0.8894
0.8908
0.8933
0.8921
0.8923
0.8882
0.8808
0.8738
0.8704
0.8687
0.8650
0.8613
0.8633
0.8699
0.8718
0.8664
0.8608
0.8591
0.8573
0.8501
0.8391
0.8318
0.8334
0.8405
0.8464
0.8508
0.8572
0.8618
0.8562
0.8411
0.8273
0.8223
0.8248
0.8304
0.8359
0.8400
0.8417
0.8405
0.8386
0.8386
0.8409
0.8431
0.8423
0.8372
0.8296
0.8399
0.8407
0.8450
0.8477
0.8477
0.8491
0.8565
0.8685
0.8796
0.8860
0.8879
0.8870
0.8852
0.8857
0.8912
0.8986
0.9005
0.8985
0.8939
0.8915
0.8934
0.8962
0.8944
0.8873
0.8816
0.8840
0.8919
0.8963
0.8923
0.8854
0.8840
0.8886
0.8935
0.8957
0.8967
0.8990
0.9047
0.9122
0.9155
0.9108
0.9024
0.8981
0.8995
0.9006
0.8971
0.8915
0.8903
0.8957
0.9023
0.9106
0.9158
0.9138
0.9068
0.9039
0.9057
0.9029
0.8928
0.8837
0.8817
0.8852
0.8914
0.8994
0.9082
0.9154
0.9191
0.9192
0.9174
0.9138
0.9098
0.9102
0.9153
0.9203
0.9227
0.9216
0.9180
0.9136
0.9100
0.9111
0.9165
0.9214
0.9252
0.9303
0.9354
0.9366
0.9328
0.9266
0.9206
0.9165
0.9166
0.9225
0.9310
0.9370
0.9394
0.9399
0.9395
0.9375
0.9335
0.9295
0.9290
0.9304
0.9280
0.9200
0.9120
0.9100
0.9130
0.9155
0.9149
0.9136
0.9135
0.9135
0.9136
0.9153
0.9170
0.9151
0.9089
0.9036
0.9050
0.9115
0.9171
0.9195
0.9204
0.9220
0.9250
0.9280
0.9295
0.9300
0.9300
0.9305
0.9320
0.9350
0.9374
0.9371
0.9335
0.9266
0.9266
0.9307
0.9349
0.9364
0.9349
0.9307
0.9266
0.9266
0.9307
0.9349
0.9370
0.9374
0.9370
0.9354
0.9327
0.9303
0.9280
0.9229
0.9153
0.9097
0.9085
0.9099
0.9119
0.9149
0.9201
0.9261
0.9250
0.9168
0.9028
0.8905
0.8855
0.8874
0.8884
0.8937
0.8962
0.8984
0.9015
0.9027
0.9006
0.8954
0.8867
0.8768
0.8700
0.8672
0.8864
0.8864
0.8864
0.8864
0.8869
0.8892
0.8944
0.9011
0.9062
0.9085
0.9090
0.9090
0.9085
0.9057
0.8988
0.8892
0.8825
0.8812
0.8813
0.8784
0.8744
0.8745
0.8789
0.8835
0.8853
0.8841
0.8817
0.8819
0.8864
0.8908
0.8907
0.8882
0.9076
0.9098
0.9146
0.9191
0.9191
0.9146
0.9098
0.9076
0.9076
0.9094
0.9128
0.9162
0.9176
0.9167
0.9152
0.9152
0.9173
0.9199
0.9215
0.9202
0.9170
0.9157
0.9174
0.9205
0.9244
0.9279
0.9297
0.9301
0.9296
0.9274
0.9226
0.9175
0.9152
0.9144
0.9123
0.9093
0.9074
0.9059
0.9023
0.8964
0.8927
0.8921
0.8970
0.9026
0.9092
0.9156
0.9190
0.9177
0.9126
0.9077
0.9054
0.9048
0.9048
0.9047
0.9042
0.9018
0.8964
0.8893
0.8839
0.8816
0.8811
0.8816
0.8839
0.8893
0.8963
0.9012
0.9012
0.8969
0.8923
0.8923
0.8970
0.9018
0.9041
0.9042
0.9024
0.8993
0.8972
0.8969
0.8964
0.8948
0.8939
0.8953
0.8988
0.9023
0.9042
0.9047
0.9024
0.9025
0.9031
0.9055
0.9110
0.9176
0.9208
0.9182
0.9134
0.9104
0.9067
0.8950
0.8831
0.8764
0.8750
0.8731
0.8721
0.8762
0.8831
0.8889
0.8935
0.8963
0.8943
0.8874
0.8802
0.8773
0.8802
0.8869
0.8917
0.8901
0.8843
0.8806
0.8814
0.8831
0.8838
0.8863
0.8918
0.8968
0.8982
0.8948
0.8875
0.8802
0.8773
0.8770
0.8833
0.8858
0.8787
0.8654
0.8442
0.8262
0.8177
0.8266
0.8509
0.8689
0.8597
0.8555
0.8632
0.8430
0.8311
0.8526
0.8734
0.8839
