1.0000
0.9835
0.9790
0.9846
0.9929
0.9981
0.9998
1.0000
1.0000
1.0000
1.0000
1.0000
1.0000
1.0000
1.0000
1.0000
0.9998
0.9975
0.9863
0.9557
0.9851
0.9548
0.9126
0.8830
0.8801
0.8928
0.9003
0.9278
0.9609
0.9861
0.9969
0.9972
0.9889
0.9748
0.9672
0.9746
0.9861
0.9837
0.9634
0.9417
0.9391
0.9497
0.9472
0.9252
0.9026
0.8917
0.8891
0.8889
0.8889
0.8889
0.8889
0.8889
1.0000
1.0000
1.0000
1.0000
1.0000
1.0000
1.0000
1.0000
1.0000
1.0000
1.0000
1.0000
1.0000
0.9997
0.9968
0.9824
0.9533
0.9251
0.9221
0.9390
0.9500
0.9542
0.9673
0.9857
0.9967
0.9997
1.0000
1.0000
1.0000
1.0000
0.9997
0.9967
0.9857
0.9673
0.9542
0.9494
0.9324
0.8935
0.8603
0.8689
0.9176
0.9678
0.9930
0.9994
1.0000
1.0000
1.0000
0.9997
0.9961
0.9839
0.9673
0.9677
1.0000
1.0000
1.0000
1.0000
1.0000
1.0000
1.0000
1.0000
1.0000
1.0000
1.0000
1.0000
1.0000
1.0000
1.0000
1.0000
1.0000
1.0000
1.0000
1.0000
1.0000
1.0000
1.0000
0.9996
0.9953
0.9800
0.9542
0.9363
0.9346
0.9346
0.9363
0.9542
0.9800
0.9953
0.9996
1.0000
1.0000
1.0000
1.0000
1.0000
1.0000
1.0000
1.0000
1.0000
1.0000
1.0000
1.0000
1.0000
1.0000
1.0000
1.0000
1.0000
1.0000
1.0000
1.0000
1.0000
1.0000
1.0000
1.0000
1.0000
1.0000
1.0000
1.0000
1.0000
1.0000
1.0000
0.9996
0.9949
0.9753
0.9346
0.8956
0.8951
0.9295
0.9507
0.9295
0.8951
0.8956
0.9346
0.9753
0.9949
0.9996
1.0000
1.0000
1.0000
1.0000
0.9996
0.9949
0.9749
0.9291
0.8681
0.8197
