0.8703
0.8433
0.8344
0.8355
0.8383
0.8404
0.8436
0.8507
0.8583
0.8621
0.8632
0.8612
0.8598
0.8614
0.8633
0.8647
0.8640
0.8657
0.8692
0.8755
0.8787
0.8801
0.8800
0.8809
0.8823
0.8838
0.8865
0.8894
0.8913
0.8919
0.8936
0.8948
0.8942
0.8931
0.8935
0.8936
0.8946
0.8964
0.8971
0.8975
0.8982
0.9024
0.9051
0.9081
0.9081
0.9092
0.9095
0.9093
0.9078
0.9059
0.9039
0.9036
0.9029
0.9033
0.9037
0.9027
0.9016
0.9013
0.9014
0.9014
0.9027
0.9023
0.9030
0.9001
0.8984
0.8971
0.8960
0.8942
0.8944
0.8925
0.8890
0.8848
0.8810
0.8793
0.8791
0.8816
0.8854
0.8902
0.8916
0.8950
0.8958
0.8961
0.8956
0.8913
0.8867
0.8848
0.8844
0.8846
0.8863
0.8841
0.8831
0.8818
0.8819
0.8823
0.8831
0.8846
0.8854
0.8845
0.8821
0.8797
0.8788
0.8806
0.8839
0.8865
0.8893
0.8959
0.8993
0.9016
0.9022
0.9016
0.9013
0.8998
0.8985
0.8972
0.8974
0.8972
0.9000
0.9027
0.9041
0.9048
0.9065
0.9069
0.9077
0.9083
0.9085
0.9082
0.9079
0.9091
0.9114
0.9105
0.9089
0.9084
0.9074
0.9063
0.9046
0.9015
0.8973
0.8936
0.8916
0.8912
0.8921
0.8931
0.8950
0.8997
0.9015
0.9017
0.9017
0.9028
0.9039
0.9041
0.9049
0.9024
0.8996
0.8973
0.8975
0.8983
0.9021
0.9038
0.9056
0.9074
0.9076
0.9070
0.9060
0.9044
0.9039
0.9045
0.9049
0.9069
0.9092
0.9122
0.9146
0.9152
0.9152
0.9126
0.9122
0.9133
0.9153
0.9170
0.9171
0.9156
0.9140
0.9136
0.9147
0.9163
0.9174
0.9178
0.9174
0.9172
0.9173
0.9169
0.9150
0.9140
0.9129
0.9132
0.9148
0.9161
0.9159
0.9138
0.9111
0.9088
0.9073
0.9063
0.9053
0.9053
0.9055
0.9060
0.9073
0.9073
0.9056
0.9029
0.9007
0.8984
0.8963
0.8966
0.8959
0.8964
0.8981
0.8995
0.9001
0.8994
0.8978
0.8993
0.9014
0.9012
0.9016
0.9003
0.8985
0.8964
0.8950
0.8923
0.8916
0.8935
0.8945
0.8973
0.9008
0.9046
0.9042
0.9024
0.8967
0.8947
0.8931
0.8926
0.8941
0.8951
0.8976
0.8997
0.9007
0.9022
0.9051
0.9109
0.9147
0.9171
0.9163
0.9126
0.9087
0.9056
0.9025
0.8990
0.8963
0.8961
0.9004
0.9029
0.9035
0.9019
0.9000
0.8990
0.8996
0.9012
0.9049
0.9089
0.9115
0.9147
0.9162
0.9144
0.9121
0.9097
0.9098
0.9101
0.9111
0.9117
0.9116
0.9117
0.9111
0.9079
0.9042
0.9015
0.8985
0.8966
0.8981
0.8981
0.8963
0.8932
0.8905
0.8891
0.8869
0.8858
0.8858
0.8867
0.8885
0.8911
0.8934
0.8945
0.8939
0.8907
0.8848
0.8788
0.8746
0.8777
0.8781
0.8807
0.8811
0.8816
0.8823
0.8852
0.8894
0.8939
0.8970
0.9018
0.9041
0.9059
0.9062
0.9066
0.9070
0.9060
0.9055
0.9051
0.9051
0.9081
0.9092
0.9110
0.9132
0.9135
0.9109
0.9076
0.9055
0.9087
0.9116
0.9141
0.9142
0.9193
0.9201
0.9206
0.9208
0.9194
0.9171
0.9188
0.9177
0.9147
0.9099
0.9055
0.9038
0.9009
0.8969
0.8875
0.8775
0.8680
0.8585
0.8529
0.8512
0.8452
0.8423
0.8270
0.8115
0.8022
0.7910
0.7789
0.7747
