0.8235
0.8586
0.9068
0.9477
0.9699
0.9754
0.9779
0.9781
0.9772
0.9781
0.9781
0.9772
0.9779
0.9765
0.9704
0.9613
0.9501
0.9402
0.9349
0.9335
0.9333
0.9333
0.9333
0.9333
0.9333
0.9333
0.9333
0.9333
0.9333
0.9333
0.9333
0.9333
0.9333
0.9333
0.9333
0.9333
0.9286
0.9286
0.9284
0.9269
0.9214
0.9124
0.9075
0.9124
0.9214
0.9269
0.9284
0.9286
0.9283
0.9249
0.9106
0.8784
0.8380
0.8144
0.8235
0.8575
0.8944
0.9178
0.9266
0.9283
0.9269
0.9154
0.9056
0.9003
0.9056
0.9154
0.9213
0.9229
0.9231
0.9231
0.9231
0.9231
0.9231
0.9231
0.9231
0.9231
0.9231
0.9229
0.9211
0.9134
0.8960
0.8733
0.8558
0.8481
0.8463
0.8462
0.8462
0.8463
0.8481
0.8558
0.8733
0.8960
0.9134
0.9211
0.9229
0.9231
0.9231
0.9231
0.9231
0.9231
0.9229
0.9211
0.9136
0.8979
0.8829
0.8829
0.8979
0.9136
0.9211
0.9229
0.9231
0.9231
0.9231
0.9231
0.9231
0.9167
0.9167
0.9167
0.9167
0.9167
0.9167
0.9167
0.9167
0.9167
0.9167
0.9167
0.9167
0.9167
0.9167
0.9167
0.9167
0.9167
0.9165
0.9147
0.9083
0.8976
0.8901
0.8893
0.8875
0.8818
0.8787
0.8837
0.8958
0.9081
0.9147
0.9165
0.9167
0.9167
0.9167
0.9167
0.9165
0.9147
0.9083
0.8978
0.8920
0.8978
0.9083
0.9147
0.9165
0.9167
0.9165
0.9147
0.9083
0.8974
0.8905
0.8960
0.9091
0.9091
0.9091
0.9091
0.9091
0.9091
0.9091
0.9091
0.9091
0.9091
0.9091
0.9091
0.9091
0.9091
0.9091
0.9093
0.9114
0.9203
0.9388
0.9568
0.9589
0.9502
0.9523
0.9703
0.9888
0.9977
0.9998
1.0000
0.9998
0.9977
0.9886
0.9680
0.9411
0.9205
0.9114
0.9093
0.9091
0.9089
0.9068
0.9877
0.9671
0.9455
0.9381
0.9475
0.9657
0.9832
0.9604
0.9252
0.8889
0.8337
0.7922
0.7328
0.6494
0.6654
0.6350
