1.0000
1.0000
0.9998
0.9979
0.9909
0.9790
0.9714
0.9773
0.9977
0.9900
0.9773
0.9705
0.9773
0.9898
0.9951
0.9872
0.9650
0.9378
0.9251
0.9378
0.9650
0.9874
0.9975
0.9998
1.0000
1.0000
1.0000
0.9998
0.9975
0.9874
0.9648
0.9354
0.9151
0.9151
0.9354
0.9648
0.9874
0.9975
0.9996
0.9977
0.9903
0.9804
0.9806
1.0000
1.0000
1.0000
1.0000
1.0000
1.0000
1.0000
1.0000
1.0000
1.0000
1.0000
1.0000
1.0000
0.9998
0.9972
0.9863
0.9634
0.9318
0.9222
0.9308
0.9476
0.9685
0.9869
0.9942
0.9872
0.9717
0.9631
0.9717
0.9875
0.9971
0.9997
1.0000
1.0000
1.0000
1.0000
1.0000
1.0000
1.0000
1.0000
1.0000
1.0000
1.0000
1.0000
1.0000
1.0000
0.9997
0.9971
0.9872
0.9643
0.9435
0.9244
0.9341
0.9583
0.9830
0.9961
0.9996
1.0000
1.0000
1.0000
1.0000
1.0000
1.0000
1.0000
1.0000
1.0000
1.0000
1.0000
1.0000
0.9996
0.9958
0.9794
0.9346
0.8956
0.8689
0.8826
0.9171
0.8741
0.7834
0.7085
0.6751
0.6674
0.6667
0.6667
0.6667
0.6667
0.6667
0.6667
0.6667
0.6667
0.6667
0.6667
1.0000
1.0000
1.0000
1.0000
1.0000
1.0000
1.0000
1.0000
1.0000
1.0000
1.0000
1.0000
1.0000
1.0000
1.0000
1.0000
1.0000
0.9989
0.9884
0.9489
0.8750
0.8022
0.5465
0.6044
0.7500
0.8977
0.9767
0.9978
1.0000
1.0000
1.0000
1.0000
1.0000
1.0000
1.0000
1.0000
1.0000
