0.9375
0.9468
0.9272
0.8938
0.8839
0.8999
0.9183
0.9266
0.9284
0.9286
0.9286
0.9284
0.9269
0.9214
0.9124
0.9075
0.9124
0.9214
0.9268
0.9268
0.9214
0.9124
0.9075
0.9124
0.9214
0.9269
0.9284
0.9286
0.9286
0.9286
0.9284
0.9269
0.9213
0.9107
0.9003
0.8962
0.9003
0.9107
0.9211
0.9252
0.9213
0.9124
0.9075
0.9122
0.9198
0.9198
0.9055
0.9003
0.9056
0.9152
0.9193
0.9133
0.8960
0.8733
0.8558
0.8481
0.8463
0.8462
0.8462
0.8462
0.8462
0.8462
0.8462
0.8460
0.8444
0.8385
0.8287
0.8234
0.8287
0.8385
0.8444
0.8460
0.8462
0.8462
0.8462
0.8460
0.8312
0.8231
0.8061
0.7898
0.7898
0.8061
0.8231
0.8312
0.8330
0.8314
0.8248
0.8123
0.7982
0.7851
0.7708
0.7562
0.7395
0.7123
0.6762
0.6502
0.7067
0.7182
0.7252
0.7271
0.7273
0.7271
0.7252
0.7182
0.7063
0.6962
0.6887
0.6795
0.6852
0.7293
0.8000
0.8623
0.8845
0.8947
0.8872
0.8648
0.8350
0.8104
0.7951
0.7901
0.8057
0.8419
0.8751
0.8851
0.8769
0.8705
0.8773
0.8898
0.8835
0.8747
0.8500
0.8197
0.8059
0.8226
0.8639
0.9141
0.9578
0.9830
0.9843
0.9569
0.9183
