0.8537
0.8828
0.9156
0.9269
0.9184
0.9034
0.8898
0.8802
0.8707
0.8643
0.8633
0.8559
0.8529
0.8520
0.8494
0.8458
0.8690
0.8971
0.9016
0.9067
0.9115
0.9140
0.9187
0.9212
0.9225
0.9250
0.9290
0.9312
0.9273
0.9242
0.9193
0.9063
0.8856
0.8687
0.8621
0.8614
0.8647
0.8708
0.8848
0.8934
0.8920
0.8774
0.8675
0.8663
0.8689
0.8657
0.8525
0.8417
0.8427
0.8444
0.8417
0.8363
0.8314
0.8297
0.8363
0.8527
0.8713
0.8833
0.8879
0.8898
0.8936
0.9029
0.9174
0.9333
0.9435
0.9416
0.9304
0.9233
0.9289
0.9394
0.9344
0.9243
0.9191
0.9201
0.9214
0.9191
0.9144
0.9117
0.9144
0.9192
0.9222
0.9230
0.9191
0.9159
0.9100
0.9042
0.9019
0.9042
0.9100
0.9158
0.9181
0.9158
0.9099
0.9032
0.8979
0.8950
0.8972
0.9018
0.9011
0.8941
0.8900
0.8951
0.9021
0.9114
0.9153
0.9135
0.9023
0.8801
0.8589
0.8480
0.8466
0.8447
0.8520
0.8568
0.8523
0.8373
0.8218
0.8179
0.8227
0.8186
0.8286
0.8931
0.9188
0.8977
0.8559
0.8138
0.7874
0.7915
0.7959
0.7526
0.7160
0.7139
0.7637
0.8372
