0.9375
0.8674
0.8461
0.8523
0.8566
0.8561
0.8608
0.8687
0.8734
0.8734
0.8687
0.8607
0.8548
0.8515
0.8406
0.8205
0.8094
0.8203
0.8283
0.8333
0.8216
0.8082
0.8017
0.8000
0.7983
0.7916
0.7765
0.7568
0.7417
0.7350
0.7335
0.7333
0.7333
0.7333
0.7333
0.7333
0.7333
0.7333
0.7333
0.7333
0.7333
0.7333
0.7333
0.7332
0.7318
0.7267
0.7182
0.7135
0.7167
0.7200
0.7167
0.7135
0.7182
0.7267
0.7318
0.7330
0.7318
0.7267
0.7181
0.7119
0.7098
0.7030
0.6869
0.6663
0.6416
0.6081
0.6015
0.6348
0.6233
0.6172
0.6156
0.6154
0.6154
0.6154
0.6154
0.6154
0.6154
0.6154
0.6156
0.6173
0.6249
0.6405
0.6269
0.6270
0.6125
0.6021
0.6065
0.6184
0.6296
0.6371
0.6371
0.6296
0.6184
0.6063
0.6002
0.6040
0.6062
0.5941
0.5749
0.5711
0.5940
0.6290
0.6543
0.6644
0.6665
0.6667
0.6667
0.6667
0.6667
0.6667
0.6665
0.6647
0.6581
0.6458
0.6335
0.6263
0.6197
0.6062
0.6342
0.6271
0.5750
0.5607
0.5572
0.5728
0.6079
0.6445
0.6249
0.6308
0.6412
0.6555
0.6641
0.6664
0.6667
0.6250
0.6247
0.6221
0.8167
0.7955
0.7841
0.7955
0.7800
0.7969
