1.0000
0.9198
0.8506
0.8707
0.8548
0.8424
0.8422
0.8530
0.8596
0.8528
0.8406
0.8345
0.8324
0.8254
0.8126
0.8013
0.8014
0.8193
0.8381
0.8418
0.8388
0.8383
0.8471
0.8553
0.8553
0.8500
0.8409
0.8360
0.8409
0.8498
0.8537
0.8482
0.8336
0.8180
0.8109
0.8086
0.8019
0.7912
0.7802
0.7697
0.7646
0.7694
0.7767
0.7750
0.7587
0.7317
0.7518
0.7617
0.7694
0.7787
0.7963
0.8191
0.8365
0.8442
0.8460
0.8462
0.8462
0.8462
0.8462
0.8460
0.8445
0.8404
0.8384
0.8505
0.8785
0.9057
0.9193
0.9227
0.9231
0.9231
0.9229
0.9211
0.9134
0.8960
0.8733
0.8558
0.8481
0.8463
0.8462
0.8462
0.8462
0.8462
0.8462
0.8462
0.8458
0.8293
0.8145
0.7851
0.7324
0.7181
0.7205
0.7254
0.7271
0.7273
0.7275
0.7296
0.7387
0.7593
0.7862
0.8068
0.8159
0.8180
0.8182
0.8180
0.8161
0.8091
0.7976
0.7913
0.7976
0.8091
0.8161
0.8180
0.8182
0.8182
0.8182
0.8182
0.8182
0.8182
0.8182
0.8182
0.8182
0.8182
0.8180
0.8161
0.8091
0.7976
0.7913
0.7976
0.8089
0.8140
0.8089
0.7976
0.7913
0.7974
0.8070
0.8070
0.7767
0.7428
0.7503
0.7500
0.7495
0.7439
0.7222
0.6812
0.5924
0.5164
0.6000
0.6000
