0.9375
0.8790
0.8647
0.8805
0.8969
0.9004
0.9045
0.9171
0.9298
0.9359
0.9372
0.9360
0.9312
0.9232
0.9174
0.9156
0.9108
0.9033
0.9033
0.9108
0.9156
0.9174
0.9181
0.9267
0.9318
0.9332
0.9332
0.9318
0.9267
0.9182
0.9136
0.9182
0.9267
0.9318
0.9332
0.9333
0.9286
0.9286
0.9286
0.9286
0.9286
0.9286
0.9286
0.9286
0.9286
0.9286
0.9286
0.9286
0.9286
0.9286
0.9286
0.9286
0.9284
0.9269
0.9214
0.9124
0.9075
0.9124
0.9214
0.9269
0.9284
0.9286
0.9286
0.9286
0.9286
0.9286
0.9286
0.9286
0.9286
0.9286
0.9286
0.9286
0.9286
0.9286
0.9286
0.9286
0.9286
0.9286
0.9286
0.9286
0.9286
0.9286
0.9287
0.9304
0.9374
0.9519
0.9659
0.9659
0.9521
0.9390
0.9375
0.9449
0.9497
0.9448
0.9357
0.9302
0.9287
0.9286
0.9286
0.9286
0.9286
0.9286
0.9284
0.9269
0.9213
0.9106
0.8907
0.8787
0.8673
0.8617
0.8656
0.8708
0.8604
0.8612
0.8692
0.8802
0.8771
0.8705
0.8773
0.8900
0.8977
0.8886
0.8889
0.8889
0.8889
0.8889
0.8889
0.8889
0.8889
0.8891
0.8917
0.9028
0.9280
0.9609
0.9861
0.9972
0.9998
0.9998
0.9972
0.9863
0.9637
0.9420
0.9420
0.9637
0.9861
0.9941
0.9830
0.9469
0.8880
0.9193
0.9183
0.9193
0.9318
0.9606
0.9848
0.9996
1.0000
1.0000
