0.9325
0.9252
0.9183
0.9140
0.9100
0.9070
0.9074
0.9088
0.9114
0.9125
0.9116
0.9066
0.9008
0.8968
0.8934
0.8911
0.8900
0.8898
0.8899
0.8910
0.8913
0.8913
0.8918
0.8924
0.8934
0.8939
0.8934
0.8934
0.8937
0.8929
0.8927
0.8925
0.8923
0.8919
0.8903
0.8877
0.8857
0.8836
0.8822
0.8827
0.8816
0.8798
0.8776
0.8771
0.8777
0.8785
0.8777
0.8752
0.8735
0.8727
0.8706
0.8685
0.8672
0.8662
0.8628
0.8601
0.8572
0.8560
0.8560
0.8569
0.8567
0.8572
0.8568
0.8574
0.8581
0.8581
0.8580
0.8563
0.8548
0.8539
0.8552
0.8567
0.8584
0.8599
0.8607
0.8613
0.8605
0.8618
0.8618
0.8634
0.8634
0.8639
0.8630
0.8625
0.8610
0.8593
0.8582
0.8590
0.8588
0.8579
0.8571
0.8557
0.8549
0.8556
0.8574
0.8610
0.8627
0.8618
0.8598
0.8575
0.8564
0.8559
0.8585
0.8617
0.8634
0.8648
0.8654
0.8665
0.8664
0.8658
0.8644
0.8643
0.8632
0.8632
0.8630
0.8619
0.8626
0.8634
0.8645
0.8657
0.8657
0.8648
0.8644
0.8632
0.8627
0.8638
0.8645
0.8651
0.8634
0.8629
0.8625
0.8623
0.8624
0.8632
0.8619
0.8600
0.8581
0.8540
0.8505
0.8478
0.8433
0.8380
0.8306
0.8259
0.8255
0.8151
0.7997
0.7921
0.7868
0.7800
0.7841
0.7872
0.7894
0.7919
0.7932
0.8008
0.8009
0.8010
0.8033
0.8008
0.7968
0.7954
0.7910
0.7931
0.7985
0.7955
0.8010
0.8041
0.8016
