0.9677
0.9471
0.9251
0.9159
0.9206
0.9140
0.9062
0.9049
0.9064
0.9071
0.9054
0.9004
0.9011
0.8954
0.8930
0.8916
0.8918
0.8917
0.8918
0.8919
0.8919
0.8926
0.8915
0.8842
0.8746
0.8761
0.8760
0.8788
0.8829
0.8874
0.8912
0.8933
0.8931
0.8920
0.8919
0.8918
0.8892
0.8883
0.8877
0.8860
0.8849
0.8881
0.8948
0.9004
0.9020
0.9009
0.8997
0.8993
0.8983
0.8966
0.8962
0.8962
0.8931
0.8881
0.8866
0.8908
0.8962
0.8986
0.8982
0.9081
0.9053
0.9006
0.8932
0.8916
0.8890
0.8857
0.8819
0.8785
0.8786
0.8791
0.8789
0.8747
0.8782
0.8792
0.8829
0.8774
0.8731
0.8718
0.8715
0.8692
0.8653
0.8638
0.8669
0.8710
0.8722
0.8686
0.8640
0.8561
0.8527
0.8511
0.8491
0.8609
0.8660
0.8693
0.8688
0.8700
0.8696
0.8661
0.8783
0.8763
0.8798
0.8848
0.8916
0.8977
0.9095
0.9182
0.9222
0.9210
0.9187
0.9127
0.9044
0.8986
0.8981
0.9005
0.9040
0.9088
0.9124
0.9150
0.9129
0.9090
0.9076
0.9088
0.9108
0.9088
0.9068
0.8997
0.8855
0.8663
0.8491
0.8481
0.8513
0.8575
0.8581
0.8719
0.8744
0.8749
0.8711
0.8645
0.8394
