0.9565
0.9641
0.9678
0.9668
0.9568
0.9307
0.9014
0.8958
0.9193
0.9502
0.9702
0.9794
0.9826
0.9771
0.9592
0.9336
0.9108
0.8980
0.8904
0.8800
0.8799
0.8892
0.8987
0.9012
0.8940
0.8784
0.8658
0.8691
0.8845
0.8991
0.9106
0.9274
0.9523
0.9761
0.9874
0.9873
0.9851
0.9887
0.9950
0.9988
0.9999
1.0000
1.0000
0.9999
0.9987
0.9937
0.9823
0.9663
0.9501
0.9349
0.9240
0.9239
0.9337
0.9438
0.9486
0.9488
0.9463
0.9449
0.9528
0.9711
0.9887
0.9976
0.9997
0.9987
0.9938
0.9834
0.9712
0.9602
0.9434
0.9177
0.8966
0.8924
0.9015
0.9163
0.9311
0.9387
0.9374
0.9351
0.9387
0.9449
0.9476
0.9436
0.9326
0.9202
0.9187
0.9319
0.9578
0.9749
0.9818
0.9878
0.9947
0.9987
0.9985
0.9934
0.9815
0.9659
0.9539
0.9475
0.9422
0.9354
0.9318
0.9354
0.9421
0.9463
0.9486
0.9540
0.9658
0.9802
0.9880
0.9853
0.9765
0.9643
0.9487
0.9372
0.9367
0.9422
0.9463
0.9486
0.9540
0.9659
0.9815
0.9934
0.9985
0.9987
0.9947
0.9880
0.9831
0.9803
0.9733
0.9543
0.9247
0.8907
0.8658
0.8590
0.8645
0.8737
0.8735
0.8618
0.8472
0.8251
0.8487
0.8865
0.9167
0.9316
0.9413
0.9551
0.9683
0.9698
0.9635
0.9650
0.9782
0.9918
0.9983
0.9997
0.9984
0.9933
0.9849
0.9803
0.9849
0.9933
0.9983
0.9982
0.9915
0.9748
0.9484
0.9125
0.8859
0.8752
0.8843
0.9052
0.9266
0.9410
0.9389
0.9125
0.8731
0.8448
0.8340
0.8250
0.7945
0.7789
0.7731
0.7792
0.7983
0.8289
0.8656
0.9035
0.9384
0.9613
0.9631
0.9482
0.9326
0.9250
0.9232
0.9229
0.9213
0.9154
0.9056
0.9003
0.9056
0.9154
0.9147
0.9165
0.9167
0.9091
0.9091
0.9091
0.9091
0.9091
0.9091
0.9091
0.9089
0.9068
0.8979
0.8792
0.8595
0.8523
0.8565
0.8596
0.8541
0.8409
0.8275
0.8203
0.8184
0.8182
0.8182
0.8182
0.8184
0.8205
0.8294
0.8479
0.8657
0.8657
0.8479
0.8294
0.8205
0.8184
0.8184
0.8203
0.8273
0.8388
0.8450
0.8388
0.8273
0.8203
0.8184
0.8182
0.8184
0.8203
0.8275
0.8407
0.8522
0.8526
0.8447
0.8436
0.8520
0.8466
0.8828
0.8643
0.8352
0.8126
0.8028
0.8025
0.8100
0.8229
0.8321
0.8352
0.8452
0.8671
0.8877
0.8975
0.8996
0.8975
0.8874
0.8648
0.8352
0.8126
0.8025
0.8002
0.8002
0.8028
0.7946
0.8309
0.8886
0.9441
0.9693
0.9578
0.9278
0.9028
0.8915
0.8861
0.8726
0.8415
0.8057
0.7980
0.8276
0.8667
0.8946
0.9136
0.9217
0.9141
0.9000
0.8915
0.8891
0.8889
0.8889
0.8889
0.8889
0.8889
0.8889
0.8889
0.8889
0.8889
0.8889
0.8886
0.8861
0.8752
0.8528
0.8337
0.8448
0.8917
0.9472
0.9832
0.9969
0.9998
0.9998
0.9972
0.9861
0.9609
0.9283
0.9054
0.9028
0.9143
0.9217
0.9141
0.9000
0.8915
0.8891
0.8889
0.8889
0.8889
0.8886
0.8861
0.8749
0.8495
0.8143
0.7810
0.7588
0.7565
0.7500
0.7500
0.7500
0.7500
0.7503
0.7532
0.7654
0.7909
0.8153
0.8156
0.7940
0.7811
0.7969
0.8281
0.8436
0.8281
0.7969
0.7814
0.7972
0.8312
0.8593
0.8718
0.8747
0.8750
0.8750
0.8750
0.8750
0.8747
0.8721
0.8625
0.8467
0.8381
0.8467
0.8428
0.8535
0.8529
0.8085
0.7567
