0.9130
0.8921
0.8812
0.8684
0.8503
0.8431
0.8549
0.8844
0.9076
0.9222
0.9273
0.9263
0.9172
0.9078
0.9111
0.9212
0.9202
0.9062
0.8977
0.9074
0.9262
0.9364
0.9323
0.9238
0.9239
0.9334
0.9415
0.9387
0.9270
0.9136
0.9105
0.9024
0.8898
0.8909
0.9076
0.9209
0.9200
0.9049
0.8790
0.8584
0.8631
0.8909
0.9211
0.9392
0.9446
0.9373
0.9248
0.9072
0.8904
0.8790
0.8783
0.8903
0.9067
0.9150
0.9261
0.9337
0.9267
0.9091
0.8827
0.8631
0.8576
0.8611
0.8708
0.8871
0.9065
0.9281
0.9530
0.9765
0.9920
0.9983
0.9984
0.9937
0.9849
0.9803
0.9849
0.9933
0.9983
0.9980
0.9902
0.9715
0.9501
0.9455
0.9631
0.9851
0.9968
0.9997
1.0000
1.0000
0.9999
0.9983
0.9910
0.9748
0.9537
0.9374
0.9287
0.9216
0.9124
0.9075
0.9124
0.9214
0.9269
0.9284
0.9286
0.9286
0.9286
0.9231
0.9231
0.9231
0.9231
0.9231
0.9231
0.9231
0.9231
0.9231
0.9231
0.9231
0.9231
0.9231
0.9231
0.9231
0.9231
0.9231
0.9231
0.9231
0.9231
0.9231
0.9167
0.9167
0.9165
0.9145
0.9064
0.8894
0.8731
0.8731
0.8894
0.9064
0.9145
0.9165
0.9165
0.9145
0.9064
0.8894
0.8731
0.8733
0.8916
0.9168
0.9445
0.9680
0.9886
0.9977
0.9998
1.0000
1.0000
1.0000
1.0000
1.0000
1.0000
1.0000
1.0000
1.0000
0.9998
0.9975
0.9856
0.9559
0.9084
0.8638
0.8541
0.8855
0.9307
0.9640
0.9744
0.9611
0.9417
0.9422
0.9603
0.9843
0.9752
0.9233
