0.7647
0.7870
0.7970
0.8095
0.8187
0.8228
0.8331
0.8527
0.8658
0.8415
0.8101
0.7947
0.8089
0.8165
0.8108
0.8134
0.8156
0.8325
0.8390
0.8421
0.8440
0.8426
0.8381
0.8391
0.8526
0.8764
0.8985
0.9137
0.9182
0.9099
0.9027
0.9022
0.9020
0.9033
0.9072
0.9109
0.9110
0.9104
0.9049
0.8908
0.8836
0.8873
0.8923
0.8957
0.9083
0.9099
0.9099
0.9050
0.8959
0.8828
0.8897
0.8816
0.8726
0.8957
0.9095
0.9185
0.9219
0.9211
0.9192
0.9216
0.9240
0.9227
0.9165
0.9103
0.9039
0.9102
0.9210
0.9219
0.9230
0.9227
0.9178
0.9087
0.9105
0.9112
0.9076
0.9170
0.9193
0.9239
0.9272
0.9272
0.9244
0.9158
0.9275
0.9257
0.9251
0.9261
0.9461
0.9450
0.9349
0.9169
0.8994
0.8933
0.8999
0.9335
0.9314
0.9204
0.9072
0.8980
0.8921
0.8849
0.8678
0.8778
0.8758
0.8663
0.8550
0.8517
0.8548
0.8817
0.8825
0.8840
0.8805
0.8939
0.8939
0.8928
0.8833
0.8946
0.9123
0.9180
0.9187
0.9157
0.9109
0.9013
0.8965
0.8962
0.8927
0.8827
0.8925
0.8869
0.8819
0.8766
0.8811
0.8914
0.8885
0.8740
0.8945
0.8861
0.8847
0.8850
0.8892
0.8987
0.9077
0.9118
0.9118
0.9076
0.8931
0.8796
0.8693
0.8648
0.8637
0.8637
0.8648
0.8693
0.8796
0.8931
0.9033
0.9068
0.9033
0.8931
0.8796
0.8692
0.8632
0.8988
0.8881
0.8751
0.8691
0.8751
0.8881
0.8988
0.9036
0.9047
0.9048
0.9048
0.9048
0.9048
0.9048
0.9047
0.9036
0.8988
0.8878
0.8716
0.8519
0.8649
0.8564
0.8437
0.8276
0.8288
0.8327
0.8806
0.8959
0.9053
0.9070
0.9085
0.9136
0.9212
0.9304
0.9388
0.9430
0.9430
0.9388
0.9306
0.9225
0.9191
0.9211
0.9236
0.9193
0.9085
0.9014
0.9046
0.9147
0.9282
0.9412
0.9412
0.9412
0.9412
0.9412
0.9412
0.9412
0.9410
0.9398
0.9353
0.9278
0.9238
0.9278
0.9353
0.9398
0.9410
0.9412
0.9412
0.9412
0.9412
0.9412
0.9412
0.9412
0.9412
0.9412
0.9412
0.9412
0.9412
0.9412
0.9412
0.9412
0.9412
0.9412
0.9375
0.9375
0.9375
0.9375
0.9375
0.9375
0.9375
0.9375
0.9375
0.9375
0.9375
0.9375
0.9375
0.9375
0.9374
0.9359
0.9298
0.9169
0.9034
0.8986
0.9028
0.9098
0.9132
0.9034
0.9332
0.9318
0.9267
0.9182
0.9136
0.9182
0.9265
0.9302
0.9265
0.9182
0.9136
0.9182
0.9267
0.9316
0.9312
0.9219
0.8960
0.9124
0.9075
0.9124
0.9214
0.9269
0.9284
0.9286
0.9286
0.9286
0.9286
0.9286
0.9286
0.9286
0.9286
0.9286
0.9286
0.9286
0.9286
0.9286
0.9286
0.9286
0.9286
0.9286
0.9286
0.9286
0.9286
0.9286
0.9286
0.9286
0.9286
0.9286
0.9286
0.9286
0.9286
0.9286
0.9286
0.9286
0.9286
0.9286
0.9286
0.9286
0.9286
0.9286
0.9286
0.9286
0.9286
0.9286
0.9286
0.9286
0.9286
0.9286
1.0000
1.0000
1.0000
1.0000
0.9998
0.9980
0.9903
0.9729
0.9502
0.9327
0.9250
0.9232
0.9231
0.9231
0.9231
0.9231
0.9231
0.9231
0.9231
0.9231
0.9231
0.9231
0.9167
0.9167
0.9167
0.9167
0.9167
0.9167
0.9167
0.9167
0.9167
0.9167
0.9165
0.9147
0.9081
0.8958
0.8837
0.8789
0.8837
0.8958
0.9081
0.9147
0.9165
0.9167
0.9165
0.9145
0.9064
0.8792
0.8595
0.8528
0.8615
0.8802
0.8977
0.9019
0.9077
0.9027
0.8935
0.8647
0.8248
0.7862
0.7715
0.7693
0.9216
0.9752
0.9954
0.9996
1.0000
1.0000
