0.9037
0.9027
0.8979
0.8956
0.8973
0.8994
0.9012
0.9043
0.9051
0.9069
0.9075
0.9073
0.9079
0.9090
0.9101
0.9131
0.9148
0.9148
0.9131
0.9117
0.9122
0.9146
0.9183
0.9223
0.9245
0.9237
0.9225
0.9216
0.9202
0.9186
0.9166
0.9148
0.9141
0.9133
0.9131
0.9135
0.9143
0.9150
0.9163
0.9169
0.9170
0.9167
0.9162
0.9161
0.9168
0.9179
0.9190
0.9190
0.9177
0.9158
0.9137
0.9135
0.9116
0.9113
0.9122
0.9130
0.9133
0.9118
0.9086
0.9065
0.9070
0.9106
0.9140
0.9155
0.9147
0.9128
0.9114
0.9117
0.9128
0.9138
0.9142
0.9148
0.9154
0.9163
0.9172
0.9188
0.9189
0.9182
0.9177
0.9167
0.9154
0.9136
0.9116
0.9102
0.9093
0.9082
0.9076
0.9070
0.9061
0.9054
0.9042
0.9042
0.9051
0.9063
0.9076
0.9090
0.9104
0.9109
0.9120
0.9117
0.9128
0.9129
0.9128
0.9126
0.9130
0.9132
0.9130
0.9125
0.9113
0.9098
0.9100
0.9103
0.9117
0.9126
0.9122
0.9115
0.9101
0.9068
0.9007
0.8872
0.8716
0.8578
0.8502
0.8520
0.8521
0.8617
0.8671
0.8702
0.8752
0.8745
0.8767
