0.8442
0.8274
0.8331
0.8482
0.8606
0.8599
0.8505
0.8377
0.8372
0.8518
0.8705
0.8796
0.8809
0.8840
0.8902
0.8934
0.8862
0.8745
0.8677
0.8692
0.8721
0.8857
0.8963
0.9009
0.8974
0.8842
0.8745
0.8775
0.8618
0.8585
0.8715
0.8867
0.9019
0.9126
0.9111
0.9019
0.8964
0.9004
0.9085
0.9105
0.9049
0.8910
0.8815
0.8810
0.8844
0.8848
0.8875
0.9009
0.9194
0.9345
0.9395
0.9377
0.9387
0.9432
0.9514
0.9568
0.9535
0.9415
0.9307
0.9274
0.9300
0.9522
0.9641
0.9699
0.9703
0.9651
0.9601
0.9585
0.9593
0.9593
0.9540
0.9380
0.9318
0.9203
0.9062
0.8910
0.8884
0.9005
0.9154
0.9216
0.9224
0.9251
0.9350
0.9452
0.9513
0.9520
0.9401
0.9188
0.9064
0.9026
0.9024
0.8915
0.8798
0.8727
0.8696
0.8644
0.8647
0.8648
0.8929
0.8959
0.9008
0.9065
0.9137
0.9175
0.9183
0.9151
0.9158
0.9188
0.9217
0.9146
0.9018
0.8912
0.8969
0.9014
0.8899
0.8723
0.8474
0.8587
0.8515
0.8323
0.8129
0.8359
0.8386
