0.8095
0.8407
0.8679
0.8832
0.9009
0.9199
0.9370
0.9508
0.9581
0.9591
0.9550
0.9466
0.9389
0.9381
0.9520
0.9585
0.9973
0.9997
1.0000
1.0000
1.0000
1.0000
1.0000
1.0000
1.0000
1.0000
0.9999
0.9985
0.9937
0.9857
0.9801
0.9796
0.9796
0.9801
0.9857
0.9937
0.9985
0.9999
1.0000
1.0000
1.0000
0.9999
0.9984
0.9923
0.9796
0.9674
0.9672
0.9781
0.9859
0.9825
0.9721
0.9576
0.9392
0.9270
0.9326
0.9533
0.9751
0.9856
0.9826
0.9736
0.9639
0.9549
0.9517
0.9610
0.9780
0.9906
0.9907
0.9794
0.9674
0.9672
0.9778
0.9830
0.9681
0.9416
0.9220
0.9198
0.9253
0.9250
0.9167
0.9087
0.9115
0.9304
0.9599
0.9848
0.9968
0.9997
1.0000
1.0000
1.0000
1.0000
1.0000
1.0000
1.0000
1.0000
1.0000
1.0000
1.0000
1.0000
1.0000
1.0000
1.0000
1.0000
1.0000
1.0000
1.0000
1.0000
1.0000
0.9998
0.9980
0.9903
0.9731
0.9521
0.9422
0.9503
0.9652
0.9711
0.9676
0.9649
0.9696
0.9808
0.9921
0.9982
0.9998
1.0000
1.0000
1.0000
1.0000
0.9998
0.9979
0.9897
0.9726
0.9504
0.9432
0.9421
0.9456
0.9396
0.9169
0.9033
0.9080
0.9400
