0.8710
0.8988
0.9148
0.9092
0.8885
0.8672
0.8519
0.8327
0.8024
0.7920
0.7960
0.8060
0.8109
0.8133
0.8208
0.8295
0.8573
0.8582
0.8656
0.8709
0.8878
0.9032
0.9109
0.9128
0.9120
0.9086
0.9022
0.8958
0.8932
0.8947
0.8967
0.8933
0.8840
0.8760
0.8759
0.8776
0.8839
0.8760
0.8694
0.8663
0.8645
0.8620
0.8630
0.8694
0.8777
0.8858
0.8875
0.8899
0.8804
0.8738
0.8709
0.8668
0.8736
0.8762
0.8680
0.8528
0.8897
0.8838
0.8825
0.8824
0.8824
0.8824
0.8824
0.8824
0.8824
0.8824
0.8824
0.8821
0.8792
0.8661
0.8220
0.7302
0.6785
0.6496
0.7411
