0.8947
0.8154
0.7809
0.7859
0.8168
0.8561
0.8823
0.8824
0.8635
0.8504
0.8633
0.8879
0.8908
0.8698
0.8540
0.8525
0.8729
0.8913
0.9012
0.9058
0.9065
0.9016
0.8944
0.8902
0.8890
0.8889
0.8889
0.8889
0.8889
0.8889
0.8889
0.8889
0.8889
0.8889
0.8889
0.8889
0.8889
0.8889
0.8888
0.8875
0.8818
0.8678
0.8446
0.8152
0.7862
0.7686
0.7680
0.7793
0.7961
0.8135
0.8251
0.8262
0.8193
0.8114
0.8081
0.8114
0.8194
0.8277
0.8320
0.8330
0.8305
0.8195
0.7955
0.7677
0.7544
0.7499
0.7328
0.7113
0.6886
0.6754
0.6763
0.6903
0.7190
0.7571
0.7852
0.7864
0.7630
0.7325
0.7089
0.6942
0.6885
0.6910
0.6927
0.6853
0.6750
0.6753
0.6880
0.7045
0.7177
0.7231
0.7192
0.7118
0.7071
0.6863
0.6828
0.6812
0.6910
0.7138
0.7359
0.7474
0.7332
0.7333
0.7335
0.7350
0.7233
0.7394
0.7606
0.7767
0.7839
0.7856
0.7857
0.7856
0.7841
0.7787
0.7712
0.7718
0.7856
0.7982
0.7949
0.7855
0.7914
0.8159
0.8410
0.8535
0.8550
0.8482
0.8320
0.8110
0.7966
0.7982
0.8186
0.8460
0.8444
0.8385
0.8287
0.8234
0.8287
0.8385
0.8440
0.8424
0.8308
0.8111
0.7989
0.8034
0.8114
0.8102
0.8013
0.7886
0.7771
0.7710
0.7694
0.7692
0.7692
0.7692
0.7691
0.7674
0.7614
0.7500
0.7388
0.7343
0.7388
0.7498
0.7596
0.7597
0.7515
0.7447
0.7441
0.7441
0.7447
0.7513
0.7580
0.7520
0.7342
0.7236
0.7326
0.7461
0.7480
0.7440
0.7403
0.7267
0.7003
0.6809
0.6847
0.7042
0.7227
0.7347
0.7402
0.7341
0.6918
0.6645
0.6313
0.5959
0.5775
0.5855
0.6000
0.6024
0.6020
0.6146
0.6373
0.6539
0.6521
0.6860
0.6478
0.6209
0.6181
0.6275
0.6342
0.6362
0.6364
0.6364
0.6364
0.6364
0.6364
0.6364
0.6362
0.6342
0.6273
0.6156
0.6072
0.6045
0.5974
0.5847
0.5794
0.5839
0.5892
0.5928
0.6002
0.6136
0.6271
0.6342
0.6362
0.6364
0.6364
0.6364
0.6364
0.6364
0.6364
0.7000
0.7002
0.7025
0.7123
0.7327
0.7522
0.7522
0.7327
0.7123
0.7023
0.6977
0.6877
0.6673
0.6478
0.6478
0.6673
0.6877
0.6975
0.6998
0.7000
0.7000
0.7000
0.7000
0.6667
0.6667
0.6664
0.6641
0.6555
0.6410
0.6279
0.6112
0.5690
0.5089
0.4784
0.4971
0.5338
0.5641
0.5940
0.6247
0.6390
0.6275
0.6086
0.6115
0.6441
0.6895
0.7244
0.7358
0.7310
0.7271
0.7338
0.7500
0.7664
0.7752
0.7775
0.7778
0.7778
0.7775
0.7750
0.7643
0.7443
0.7335
0.7558
0.7972
0.8136
0.7969
0.7810
0.7769
0.7641
0.7398
0.7186
0.7089
0.7172
0.7412
0.7641
0.7750
0.7773
0.7747
0.7615
0.8211
0.7756
0.7478
0.7491
0.7729
0.8093
0.8372
0.8440
0.8530
0.8895
0.9411
0.9756
0.9342
0.8956
0.8956
0.9346
0.9753
0.9969
