0.9000
0.8966
0.9160
0.9427
0.9668
0.9770
0.9694
0.9530
0.9357
0.9164
0.8951
0.8690
0.8362
0.8123
0.8139
0.8314
0.8281
0.8063
0.7972
0.8055
0.8195
0.8037
0.7966
0.7761
0.7293
0.7085
0.7296
0.7750
0.8124
0.8287
0.8287
0.8128
0.7785
0.7421
0.7257
0.7244
0.7257
0.7421
0.7785
0.8128
0.8291
0.8330
0.8330
0.8295
0.8167
0.7547
0.7413
0.7597
0.8047
0.8264
0.8864
0.9119
0.9187
0.9306
0.9180
0.8442
0.7450
0.6994
0.7455
0.8500
0.9431
0.9878
0.9984
0.9942
0.9744
0.9370
0.8953
0.8616
0.8433
0.8510
0.8526
0.7787
0.8253
0.7353
0.8348
1.0000
1.0000
1.0000
1.0000
1.0000
1.0000
1.0000
1.0000
1.0000
1.0000
1.0000
1.0000
1.0000
1.0000
0.9978
0.9767
0.9035
0.8038
0.8060
