0.9167
0.9442
0.9607
0.9595
0.9407
0.9218
0.9133
0.9206
0.9283
0.9283
0.9206
0.9132
0.9175
0.9359
0.9577
0.9726
0.9804
0.9838
0.9805
0.9752
0.9759
0.9820
0.9807
0.9679
0.9596
0.9691
0.9863
0.9956
0.9929
0.9794
0.9604
0.9455
0.9487
0.9633
0.9762
0.9783
0.9727
0.9691
0.9660
0.9614
0.9551
0.9524
0.9564
0.9676
0.9824
0.9937
0.9987
0.9999
1.0000
0.9999
0.9988
0.9947
0.9881
0.9843
0.9867
0.9882
0.9816
0.9723
0.9713
0.9774
0.9800
0.9742
0.9602
0.9431
0.9376
0.9468
0.9513
0.9413
0.9296
0.9267
0.9291
0.9301
0.9306
0.9353
0.9420
0.9448
0.9405
0.9275
0.9067
0.8828
0.8620
0.8489
0.8448
0.8488
0.8606
0.8763
0.8892
0.8976
0.9025
0.9037
0.9044
0.9101
0.9198
0.9264
0.9234
0.9641
0.9556
0.9607
0.9674
0.9609
0.9490
0.9430
0.9490
0.9609
0.9652
0.9567
0.9467
0.9471
0.9602
0.9781
0.9867
0.9833
0.9800
0.9833
0.9865
0.9803
0.9698
0.9586
0.9425
0.9311
0.9267
0.9311
0.9423
0.9537
0.9566
0.9601
0.9669
0.9788
0.9874
0.9794
0.9493
0.9235
0.9224
0.9362
0.9393
0.9244
0.9073
0.9001
0.9273
0.9599
0.9724
0.9515
0.9998
1.0000
1.0000
1.0000
