1.0000
0.9905
0.9594
0.9104
0.8628
0.8423
0.8518
0.8732
0.8916
0.8975
0.8854
0.8625
0.8434
0.8312
0.8128
0.7771
0.7401
0.7379
0.7836
0.8477
0.8913
0.8998
0.8784
0.8415
0.8064
0.7752
0.7376
0.7044
0.7025
0.7269
0.7441
0.7457
0.7542
0.7748
0.7854
0.7772
0.7683
0.7691
0.7666
0.7519
0.7422
0.7539
0.7750
0.7880
0.7932
0.8004
0.8143
0.8314
0.8441
0.8493
0.8570
0.8768
0.8998
0.9128
0.9163
0.9167
0.9167
0.9167
0.9167
0.9167
0.9167
0.9167
0.9167
0.9167
0.9165
0.9145
0.9062
0.8871
0.8607
0.8353
0.8144
0.7986
0.7857
0.7705
0.8161
0.7998
0.8000
0.8002
0.8025
0.8126
0.8352
0.8648
0.8874
0.8975
0.9000
0.9023
0.9102
0.9252
0.9421
0.9579
0.9748
0.9898
0.9977
0.9998
1.0000
1.0000
1.0000
0.9998
0.9975
0.9874
0.9648
0.9352
0.9126
0.9025
0.9002
0.8891
0.8917
0.9028
0.9280
0.9609
0.9861
0.9972
0.9998
1.0000
1.0000
1.0000
1.0000
1.0000
1.0000
1.0000
0.9998
0.9972
0.9861
0.9609
0.9280
0.9028
0.8917
0.8891
0.8889
0.8889
0.8889
0.8889
0.8886
0.8861
0.8752
0.8526
0.8309
0.8309
0.8523
0.8726
0.8749
0.8635
0.8558
0.8609
0.8641
0.8500
0.8304
0.8283
0.8415
0.8500
0.8532
0.8635
0.8778
0.8861
0.8861
0.8778
0.8635
0.8532
0.8500
0.8415
0.8280
0.8280
0.8412
0.8472
0.8395
0.8271
0.8197
0.8283
0.8523
0.8752
0.8861
0.8884
0.8861
0.8752
0.8523
0.8283
0.8197
0.8271
0.8395
0.8472
0.8412
0.8283
0.8306
0.8526
0.8752
0.8861
0.8747
0.8750
0.8750
0.8750
0.8750
0.8750
0.8750
0.8747
0.8721
0.8622
0.8433
0.8195
0.7892
0.8428
0.8538
0.8565
0.8538
0.8428
0.8248
0.8149
0.8244
0.8392
0.8362
0.8101
0.7822
0.7792
0.7962
0.8071
0.7798
0.7944
0.8085
0.7919
0.7365
0.6765
0.6540
0.6748
0.7176
0.7533
0.7537
0.7211
0.6872
0.6709
0.6670
0.6667
0.6667
0.6663
0.6624
0.6461
0.6122
0.5796
0.5796
0.6122
0.6461
0.6641
0.6000
0.6000
0.6000
0.6000
0.6000
0.6000
0.6000
0.6000
0.6000
0.6000
0.6000
0.6000
0.6000
0.6000
0.6000
0.6000
0.6000
0.6000
0.6000
0.6000
0.6000
0.6000
0.6000
0.6000
0.6000
0.6000
0.6000
0.6000
0.6000
0.6000
0.6000
0.6000
0.6000
0.6000
0.6000
0.6000
0.6000
0.6000
0.6000
0.6000
0.6000
0.6000
0.6000
0.6000
0.6000
0.6000
0.6000
0.6000
0.6000
0.6000
0.6000
0.6000
0.6000
0.6000
0.6000
0.6000
0.6000
0.6000
0.6000
0.6000
0.6000
0.6000
0.6000
0.6000
0.6000
0.6000
0.6000
0.6000
0.6000
0.6000
0.6000
0.6000
0.6000
0.6000
0.6000
0.6000
0.6000
0.5996
0.5953
0.5800
0.5547
0.5409
0.5547
0.5800
0.5949
0.5949
0.5800
0.5547
0.5409
0.5547
0.5800
0.5953
0.5996
0.6000
0.6000
0.6000
0.6000
0.6000
0.6000
0.6000
0.6000
0.6000
0.6000
0.6000
0.6000
0.6000
0.6000
0.6000
0.6000
0.6000
0.6000
0.6000
0.6000
0.6000
0.6000
0.6000
0.6000
0.6000
0.5000
0.5000
