0.9352
0.9224
0.9163
0.9196
0.9159
0.9130
0.9110
0.9069
0.9195
0.9184
0.9196
0.9207
0.9200
0.9182
0.9171
0.9185
0.9221
0.9197
0.9099
0.9033
0.9061
0.9159
0.9238
0.9262
0.9279
0.9336
0.9408
0.9476
0.9516
0.9533
0.9519
0.9492
0.9478
0.9481
0.9489
0.9460
0.9387
0.9284
0.9284
0.9256
0.9297
0.9388
0.9491
0.9521
0.9533
0.9520
0.9460
0.9379
0.9324
0.9298
0.9294
0.9299
0.9398
0.9340
0.9244
0.9154
0.9139
0.9208
0.9433
0.9530
0.9569
0.9562
0.9518
0.9443
0.9483
0.9440
0.9408
0.9395
0.9394
0.9404
0.9358
0.9347
0.9366
0.9402
0.9435
0.9378
0.9287
0.9193
0.9264
0.9237
0.9244
0.9276
0.9297
0.9282
0.9317
0.9316
0.9254
0.9170
0.9019
0.9021
0.9271
0.9318
0.9312
0.9447
0.9435
0.9447
0.9485
0.9488
0.9304
