0.9200
0.9128
0.9191
0.9166
0.9090
0.8937
0.8854
0.8921
0.9104
0.9259
0.9493
0.9452
0.9380
0.9340
0.9345
0.9352
0.9322
0.9285
0.9298
0.9352
0.9368
0.9333
0.9323
0.9368
0.9416
0.9436
0.9439
0.9422
0.9388
0.9375
0.9385
0.9618
0.9590
0.9548
0.9550
0.9614
0.9671
0.9658
0.9597
0.9542
0.9512
0.9483
0.9431
0.9373
0.9330
0.9297
0.9282
0.9317
0.9377
0.9397
0.9377
0.9373
0.9383
0.9366
0.9337
0.9329
0.9370
0.9401
0.9391
0.9351
0.9290
0.9223
0.9207
0.9310
0.9505
0.9589
0.9534
0.9411
0.9558
0.9585
0.9578
0.9521
0.9456
0.9357
0.9089
