0.9130
0.8925
0.8883
0.8870
0.8782
0.8625
0.8475
0.8457
0.8594
0.8797
0.9012
0.9214
0.9360
0.9507
0.9573
0.9559
0.9534
0.9523
0.9500
0.9405
0.9200
0.8966
0.8848
0.8856
0.8882
0.8895
0.8938
0.8989
0.8989
0.8939
0.8907
0.9387
0.9450
0.9487
0.9486
0.9437
0.9324
0.9176
0.9063
0.9014
0.9014
0.9063
0.9132
0.9276
0.9355
0.9341
0.9317
0.9354
0.9421
0.9461
0.9473
0.9474
0.9474
0.9474
0.9474
0.9473
0.9461
0.9421
0.9354
0.9318
0.9354
0.9421
0.9461
0.9473
0.9474
0.9474
0.9474
0.9473
0.9461
0.9421
0.9354
0.9318
0.9354
0.9420
0.9449
0.9419
0.9341
0.9252
0.9169
0.9080
0.9001
0.8960
0.8949
0.8946
0.8934
0.8880
0.8749
0.8543
0.8329
0.8226
0.8333
0.8590
0.8815
0.8908
0.8892
0.8828
0.8792
0.8829
0.8908
0.9001
0.9132
0.9288
0.9408
0.9460
0.9473
0.9474
0.9474
0.9474
0.9474
0.9443
0.9428
0.9349
0.9138
0.8833
0.8630
0.8651
0.8780
0.8877
0.8956
0.9085
0.9248
0.9359
0.9348
0.9193
0.8973
0.8864
0.8973
0.9194
0.9362
0.9429
0.9443
0.9444
0.9444
0.9444
0.9444
0.9443
0.9430
0.9375
0.9249
0.9086
0.8973
0.8970
0.9059
0.9123
0.9053
0.8906
0.8831
0.8780
0.8811
0.8822
0.8824
0.8824
0.8824
0.8824
0.8824
0.8824
0.8824
0.8824
0.8824
0.8824
0.8824
0.8824
0.8824
0.8824
0.8824
0.8822
0.8809
0.8750
0.8616
0.8443
0.8309
0.8250
0.8237
0.8235
0.8235
0.8235
0.8235
0.8235
0.8237
0.8250
0.8309
0.8443
0.8616
0.8748
0.8795
0.8763
0.8690
0.8650
0.8690
0.8765
0.8810
0.8822
0.8824
0.8824
0.8824
0.8824
0.8824
0.8822
0.8809
0.8750
0.8616
0.8443
0.8309
0.8250
0.8237
0.8235
0.8234
0.8223
0.8191
0.8176
0.8269
0.8483
0.8691
0.8794
0.8806
0.8750
0.8616
0.8443
0.8308
0.8235
0.8164
0.8043
0.7928
0.7928
0.8043
0.8163
0.8220
0.8234
0.8235
0.8235
0.8235
0.8235
0.8235
0.8235
0.8235
0.8235
0.8125
0.8125
0.8125
0.8125
0.8125
0.8125
0.8125
0.8125
0.8125
0.8125
0.8125
0.8125
0.8124
0.8109
0.8048
0.7921
0.7797
0.7783
0.7842
0.7828
0.7704
0.7577
0.7517
0.7517
0.7577
0.7706
0.7842
0.7905
0.7923
0.7833
0.7886
0.7936
0.7965
0.8043
0.8977
0.8900
0.8769
0.8686
0.8752
0.8750
0.8750
