0.9423
0.8809
0.8581
0.8648
0.8806
0.8907
0.8946
0.8944
0.8918
0.8919
0.8991
0.9130
0.9242
0.9304
0.9336
0.9360
0.9374
0.9336
0.9304
0.9326
0.9385
0.9397
0.9343
0.9297
0.9281
0.9272
0.9262
0.9272
0.9343
0.9450
0.9532
0.9516
0.9411
0.9303
0.9294
0.9331
0.9343
0.9298
0.9188
0.9076
0.9042
0.9068
0.9079
0.9060
0.9046
0.9066
0.9112
0.9161
0.9199
0.9194
0.9186
0.9171
0.9172
0.9197
0.9240
0.9287
0.9289
0.9210
0.9146
0.9140
0.9169
0.9210
0.9267
0.9336
0.9368
0.9364
0.9308
0.9250
0.9264
0.9338
0.9381
0.9358
0.9318
0.9302
0.9286
0.9321
0.9331
0.9267
0.9185
0.9174
0.9237
0.9321
0.9380
0.9387
0.9363
0.9363
0.9372
0.9372
0.9347
0.9353
0.9403
0.9454
0.9468
0.9429
0.9339
0.9246
0.9211
0.9244
0.9315
0.9390
0.9429
0.9417
0.9385
0.9371
0.9386
0.9423
0.9460
0.9469
0.9435
0.9364
0.9303
0.9281
0.9269
0.9245
0.9211
0.9180
0.9187
0.9263
0.9371
0.9428
0.9433
0.9380
0.9297
0.9218
0.9142
0.9398
0.9479
0.9597
0.9681
0.9714
0.9715
0.9694
0.9650
0.9630
0.9650
0.9686
0.9707
0.9707
0.9685
0.9642
0.9595
0.9556
0.9536
0.9551
0.9572
0.9567
0.9515
0.9484
0.9515
0.9559
0.9520
0.9401
0.9230
0.9035
0.8900
0.8988
