0.8947
0.8836
0.8735
0.8518
0.8327
0.8163
0.8031
0.7977
0.8085
0.8195
0.8201
0.8224
0.8380
0.8513
0.8443
0.8278
0.8235
0.8322
0.8367
0.8218
0.8324
0.8201
0.8144
0.8209
0.8918
0.9318
0.9680
0.9906
0.9982
0.9997
0.9980
0.9895
0.9694
0.9447
0.9325
0.9338
0.9324
0.9268
0.9337
0.9537
0.9605
0.9373
0.9042
0.8908
0.9038
0.9326
0.9584
0.9644
0.9534
0.9447
0.9484
0.9586
0.9683
0.9748
0.9765
0.9772
0.9836
0.9929
0.9982
0.9980
0.9921
0.9787
0.9635
0.9521
0.9525
0.9525
0.9669
0.9838
0.9718
0.9299
0.8889
0.8408
