0.8855
0.8944
0.8946
0.8892
0.8815
0.8727
0.8675
0.8690
0.8726
0.8729
0.8835
0.9001
0.9156
0.9257
0.9306
0.9312
0.9282
0.9244
0.9223
0.9242
0.9257
0.9222
0.9238
0.9245
0.9250
0.9209
0.9147
0.9078
0.9052
0.9014
0.8996
0.8988
0.8978
0.8972
0.8996
0.9021
0.9027
0.9022
0.9022
0.9052
0.9081
0.9073
0.9055
0.9073
0.9127
0.9182
0.9217
0.9226
0.9218
0.9205
0.9210
0.9206
0.9189
0.9195
0.9241
0.9296
0.9317
0.9273
0.9183
0.9069
0.8977
0.8951
0.8994
0.9069
0.9107
0.9102
0.9075
0.9055
0.9054
0.9087
0.9117
0.9125
0.9103
0.9081
0.9064
0.9058
0.9063
0.9067
0.9074
0.9057
0.9043
0.9035
0.9030
0.9021
0.9006
0.8991
0.8987
0.8990
0.8989
0.8967
0.8990
0.9035
0.9066
0.9072
0.9068
0.9066
0.9066
0.9064
0.9050
0.9034
0.9064
0.9121
0.9148
0.9116
0.9084
0.9098
0.9150
0.9168
0.9145
0.9114
0.9099
0.9113
0.9140
0.9145
0.9110
0.9047
0.8973
0.8894
0.8820
0.8871
0.8876
0.8892
0.8913
0.8931
0.8929
0.8928
0.8926
0.8914
0.8892
0.8985
0.9001
0.9032
0.9045
0.9024
0.8972
0.8903
0.8856
0.8846
0.8838
0.8811
0.8790
0.8842
0.8913
0.8975
0.8991
0.8959
0.8938
0.8947
0.8988
0.9024
0.9026
0.9031
0.9037
0.9020
0.8993
0.8953
0.8920
0.8890
0.8828
0.8754
0.8709
0.8721
0.8756
0.8763
0.8713
0.8773
0.8807
0.8860
0.8915
0.8967
0.8962
0.8918
0.8888
0.8928
0.8966
0.8951
0.8889
0.8841
0.8792
0.8755
0.8758
0.8795
0.8839
0.8823
0.8955
0.8979
0.9032
0.9081
0.9082
0.9066
0.9042
0.9023
0.9011
0.8988
0.8976
0.8972
0.8930
0.8887
0.8863
0.8868
0.8879
0.8888
0.8911
0.8919
0.8908
0.8887
0.8875
0.8875
0.8891
0.8927
0.8972
0.8996
0.8987
0.8964
0.8935
0.8877
0.8832
0.8807
0.8807
0.8795
0.8729
0.8601
0.8512
0.8497
0.8558
0.8628
0.8623
0.8602
0.8584
0.8546
0.8467
0.8369
0.8293
0.8263
0.8418
0.8423
0.8360
0.8368
0.8338
0.8328
0.8299
0.8260
0.8272
0.8356
0.8469
0.8547
0.8552
0.8463
0.8412
0.8400
0.8352
0.8321
0.8292
0.8281
0.8307
0.8333
0.8329
0.8319
0.8310
0.8321
0.8351
0.8349
0.8383
0.8428
0.8433
0.8433
0.8394
0.8341
0.8309
0.8304
0.8313
0.8343
0.8382
0.8411
0.8427
0.8431
0.8436
0.8425
0.8471
0.8532
0.8580
0.8571
0.8571
0.8571
0.8571
0.8532
0.8500
0.8447
0.8413
0.8421
0.8427
0.8402
0.8379
0.8386
0.8395
0.8375
0.8328
0.8265
0.8199
0.8151
0.8130
0.8126
0.8131
0.8156
0.8187
0.8297
0.8404
0.8457
0.8452
0.8425
0.8399
0.8363
0.8313
0.8300
0.8355
0.8409
0.8368
0.8228
0.8074
0.8153
0.8190
0.8229
0.8193
0.8161
0.8113
0.8077
0.8097
0.8195
0.8321
0.8400
0.8405
0.8342
0.8409
0.8409
0.8409
0.8409
0.8409
0.8409
0.8403
0.8381
0.8335
0.8290
0.8291
0.8340
0.8404
0.8460
0.8464
0.8447
0.8457
0.8477
0.8517
0.8565
0.8562
0.8552
0.8514
0.8481
0.8424
0.8414
0.8405
0.8356
0.8244
0.8119
0.8037
0.7995
0.7945
0.7807
0.7740
0.7763
0.7868
0.7998
0.8079
0.8000
0.7985
0.7939
0.7952
0.7936
0.7907
0.7932
0.7993
0.7964
0.7900
0.7822
0.7786
0.7822
0.7893
0.7930
0.7906
0.7878
0.7901
0.7921
0.7842
0.7720
0.7702
0.7780
0.7760
0.7840
0.7953
0.8053
0.8068
0.7968
0.7819
0.7721
0.7688
0.7676
0.7678
0.7600
0.7572
0.7452
0.7427
0.7419
0.7411
0.7380
0.7314
0.7251
0.7252
0.7318
0.7388
0.7334
0.7250
0.7283
0.7346
0.7387
0.7343
0.7243
0.7163
0.7103
0.7054
0.7061
0.7129
0.7199
0.7233
0.7241
0.7241
0.7241
0.7241
0.7242
0.7250
0.7284
0.7360
0.7467
0.7500
0.7408
0.7417
0.7454
0.7538
0.7647
0.7722
0.7722
0.7647
0.7548
0.7510
0.7593
0.8068
0.8230
0.8268
0.8202
0.8124
0.8077
0.8029
0.7942
0.7838
0.7798
0.7876
0.8030
0.8152
0.8203
0.8249
0.8324
0.8347
0.8229
0.8259
0.8142
0.8060
0.8051
0.8102
0.8168
0.8232
0.8300
0.8369
0.8441
0.8540
0.8658
0.8740
0.8740
0.8658
0.8541
0.8450
0.8344
0.8332
0.8302
0.8186
0.7936
0.7630
0.7426
0.7409
0.7544
0.7726
0.7845
0.7863
0.7822
0.7804
0.7874
0.8011
0.8125
0.8133
0.8053
0.7969
0.7938
0.7970
0.8063
0.8187
0.8281
0.8321
0.8311
0.8229
0.8040
0.7794
0.7605
0.7521
0.7502
0.7500
0.7500
0.7826
0.7826
0.7827
0.7837
0.7880
0.7968
0.8053
0.8053
0.7968
0.7880
0.7837
0.7827
0.7826
0.7727
0.7728
0.7739
0.7784
0.7887
0.8022
0.8125
0.8170
0.8181
0.8182
0.8182
0.8182
0.8182
0.8182
0.8182
0.8095
0.8095
0.7999
0.7988
0.7950
0.7887
0.7852
0.7887
0.7950
0.7988
0.7998
0.7987
0.7938
0.7837
0.7739
0.7739
0.7836
0.7926
0.7925
0.7824
0.7689
0.7626
0.7689
0.7825
0.7937
0.7987
0.7999
0.8000
0.8000
0.8000
0.8000
0.8000
0.8000
0.8000
0.7999
0.7987
0.7939
0.7840
0.7740
0.7619
0.7616
0.7721
0.7778
0.7779
0.7792
0.7848
0.7973
0.8136
0.8251
0.8266
0.8223
0.8226
0.8235
0.8235
0.8235
0.8235
0.8235
0.8235
0.8235
0.8235
0.8235
0.8235
0.8235
0.8235
0.8235
0.8235
0.8235
0.8235
0.8235
0.8235
0.8235
0.8235
0.8235
0.8235
0.8235
0.8235
0.8235
0.8235
0.8235
0.8235
0.8235
0.8235
0.8235
0.8235
0.8235
0.8235
0.8235
0.8235
0.8235
0.8235
0.8124
0.8109
0.8048
0.7920
0.7806
0.7849
0.8000
0.8000
0.7999
0.7984
0.7786
0.7695
0.7646
0.7695
0.7786
0.7841
0.7856
0.7857
0.7857
0.7857
0.7857
0.7857
0.7857
0.7857
0.7857
0.7857
0.7857
0.7857
0.7857
0.7857
0.7857
0.7857
0.7857
0.7857
0.7857
0.7857
0.7857
0.7857
0.7857
0.7857
0.7857
0.7857
0.7857
0.7857
0.7857
0.7856
0.7838
0.7751
0.7529
0.7692
0.7692
0.7692
0.7691
0.7673
0.7596
0.7421
0.7194
0.7020
0.6943
0.6925
0.6923
0.6923
0.6923
0.6921
0.6904
0.6828
0.6672
0.6520
0.6503
0.6595
0.6654
0.6676
0.6747
0.6846
0.6905
0.6921
0.6923
0.6923
0.6923
0.6923
0.6923
0.6923
