0.9349
0.9029
0.8890
0.8804
0.8800
0.8833
0.8897
0.8918
0.8934
0.8933
0.8914
0.8891
0.8899
0.8975
0.9030
0.9080
0.9117
0.9131
0.9172
0.9165
0.9168
0.9150
0.9135
0.9131
0.9129
0.9141
0.9160
0.9179
0.9182
0.9199
0.9233
0.9218
0.9198
0.9192
0.9198
0.9227
0.9257
0.9275
0.9274
0.9258
0.9248
0.9261
0.9285
0.9305
0.9305
0.9316
0.9305
0.9283
0.9245
0.9206
0.9176
0.9209
0.9217
0.9208
0.9183
0.9181
0.9189
0.9156
0.9085
0.9007
0.8977
0.8986
0.9023
0.9101
0.9202
0.9248
0.9256
0.9249
0.9236
0.9229
0.9226
0.9225
0.9231
0.9245
0.9267
0.9284
0.9301
0.9316
0.9325
0.9331
0.9332
0.9329
0.9321
0.9311
0.9304
0.9307
0.9321
0.9334
0.9327
0.9309
0.9329
0.9328
0.9323
0.9300
0.9270
0.9242
0.9226
0.9205
0.9185
0.9173
0.9181
0.9197
0.9202
0.9183
0.9180
0.9154
0.9151
0.9161
0.9178
0.9187
0.9188
0.9187
0.9181
0.9166
0.9154
0.9142
0.9129
0.9122
0.9120
0.9150
0.9145
0.9172
0.9171
0.9181
0.9197
0.9210
0.9218
0.9256
0.9246
0.9232
0.9263
0.9265
0.9263
0.9252
0.9234
0.9225
0.9217
0.9197
0.9175
0.9157
0.9151
0.9158
0.9173
0.9182
0.9173
0.9159
0.9153
0.9145
0.9130
0.9113
0.9096
0.9073
0.9055
0.9055
0.9070
0.9131
0.9167
0.9169
0.9168
0.9170
0.9174
0.9181
0.9196
0.9215
0.9232
0.9243
0.9260
0.9282
0.9297
0.9297
0.9288
0.9276
0.9251
0.9248
0.9255
0.9245
0.9234
0.9227
0.9228
0.9228
0.9213
0.9185
0.9149
0.9123
0.9122
0.9145
0.9158
0.9175
0.9196
0.9221
0.9256
0.9290
0.9298
0.9299
0.9293
0.9277
0.9252
0.9227
0.9185
0.9125
0.9088
0.9001
0.8990
0.9018
0.9016
0.9063
0.9152
0.9226
0.9324
0.9320
0.9301
0.9251
0.9197
0.9191
0.9175
0.9168
0.9075
0.9011
0.8914
0.8854
0.8879
0.8921
0.8909
0.8885
0.8935
0.8986
0.8972
0.8993
0.8980
0.8910
0.8807
0.8735
0.8724
0.8717
0.8701
0.8626
0.8554
0.8492
0.8564
0.8454
0.8320
0.8257
0.8127
0.7957
0.7706
0.7621
0.7650
0.7595
0.7461
