0.8714
0.8318
0.8164
0.8203
0.8331
0.8408
0.8375
0.8362
0.8310
0.8227
0.8142
0.8162
0.8247
0.8348
0.8385
0.8398
0.8371
0.8295
0.8168
0.8015
0.7842
0.7747
0.7603
0.7490
0.7439
0.7545
0.7635
0.7696
0.7726
0.7755
0.7785
0.7813
0.7863
0.7951
0.8055
0.8143
0.8214
0.8287
0.8348
0.8352
0.8298
0.8220
0.8155
0.8133
0.8149
0.8143
0.8132
0.8053
0.7951
0.7937
0.8011
0.8062
0.8009
0.7870
0.7803
0.7762
0.7700
0.7615
0.7534
0.7513
0.7527
0.7586
0.7655
0.7636
0.7567
0.7530
0.7531
0.7540
0.7539
0.7527
0.7509
0.7519
0.7549
0.7680
0.7786
0.7787
0.7740
0.7682
0.7670
0.7718
0.7778
0.7809
0.7818
0.7823
0.7841
0.7848
0.7921
0.8156
0.8235
0.8301
0.8363
0.8414
0.8384
0.8297
0.8139
0.7976
0.7850
0.7761
0.7693
0.7630
0.7573
0.7547
0.7564
0.7587
0.7586
0.7597
0.7668
0.7754
0.7784
0.7759
0.7740
0.7760
0.7793
0.7793
0.7756
0.7721
0.7720
0.7707
0.7726
0.7690
0.7781
0.7766
0.7804
0.8012
0.8072
0.8167
0.8267
0.8270
0.8223
0.8273
0.8104
0.7829
0.7467
0.7246
0.7162
0.6958
0.6835
0.6874
0.6854
0.6824
