0.9310
0.9072
0.9092
0.9266
0.9406
0.9406
0.9333
0.9277
0.9285
0.9338
0.9385
0.9385
0.9337
0.9272
0.9220
0.9200
0.9222
0.9249
0.9209
0.9112
0.9042
0.9027
0.9014
0.9019
0.9031
0.9060
0.9151
0.9248
0.9305
0.9310
0.9286
0.9245
0.9204
0.9181
0.9336
0.9294
0.9259
0.9260
0.9299
0.9358
0.9404
0.9412
0.9411
0.9407
0.9387
0.9343
0.9285
0.9240
0.9221
0.9200
0.9200
0.9200
0.9200
0.9183
0.9178
0.9136
0.9071
0.9149
0.9149
0.9149
0.9149
0.9149
0.9148
0.9144
0.9128
0.9100
0.9081
0.9079
0.9079
0.9081
0.9100
0.9088
0.9096
0.9066
0.9010
0.8980
0.9010
0.9067
0.9101
0.9116
0.9138
0.9172
0.9172
0.9083
0.8958
0.8929
0.9000
0.9036
0.9063
0.9064
0.9046
0.9017
0.9001
0.9017
0.9047
0.9069
0.9087
0.9100
0.9092
0.9083
0.9122
0.9178
0.9227
0.9225
0.9215
0.9232
0.9474
0.9475
0.9461
0.9429
0.9411
0.9428
0.9456
0.9456
0.9428
0.9404
0.9391
0.9346
0.9224
0.9177
0.9233
0.9341
0.9379
0.9346
0.9242
0.9198
0.9262
0.9282
