0.9565
0.9172
0.9004
0.8779
0.8486
0.8243
0.8160
0.8180
0.8223
0.8279
0.8329
0.8345
0.8398
0.8553
0.8729
0.8798
0.8721
0.8587
0.8521
0.8524
0.8503
0.8415
0.8323
0.8324
0.8428
0.8572
0.8726
0.8867
0.8928
0.8869
0.8750
0.8691
0.8750
0.8869
0.8928
0.8812
0.8688
0.8626
0.8689
0.8825
0.8937
0.8987
0.8998
0.8986
0.8869
0.8709
0.8487
0.8332
0.8315
0.8370
0.8409
0.8420
0.8421
0.8421
0.8421
0.8421
0.8421
0.8421
0.8421
0.8420
0.8409
0.8368
0.8302
0.8266
0.8301
0.8356
0.8356
0.8301
0.8267
0.8314
0.8431
0.8597
0.8762
0.8833
0.8876
0.8888
0.8889
0.8889
0.8889
0.8889
0.8889
0.8889
0.8888
0.8876
0.8833
0.8690
0.8650
0.8689
0.8751
0.8750
0.8675
0.8591
0.8557
0.8590
0.8663
0.8703
0.8663
0.8590
0.8557
0.8591
0.8676
0.8763
0.8810
0.8821
0.8809
0.8750
0.8618
0.8457
0.8383
0.8457
0.8618
0.8748
0.8795
0.8763
0.8689
0.8635
0.8616
0.8559
0.8444
0.8382
0.8457
0.8618
0.8748
0.8794
0.8748
0.8616
0.8443
0.8309
0.8252
0.8252
0.8309
0.8443
0.8616
0.8750
0.8809
0.8822
0.8824
0.8824
0.8824
0.8824
0.8824
0.8822
0.8810
0.8765
0.8689
0.8635
0.8616
0.8559
0.8444
0.8382
0.8457
0.8618
0.8750
0.8809
0.8822
0.8822
0.8809
0.8750
0.8616
0.8443
0.8309
0.8250
0.8237
0.8235
0.8237
0.8250
0.8309
0.8443
0.8616
0.8748
0.8794
0.8750
0.8631
0.8516
0.8516
0.8631
0.8751
0.8809
0.8822
0.8824
0.8824
0.8824
0.8822
0.8809
0.8750
0.8618
0.8457
0.8383
0.8457
0.8618
0.8750
0.8809
0.8822
0.8824
0.8824
0.8824
0.8824
0.8824
0.8822
0.8810
0.8765
0.8690
0.8650
0.8608
0.8687
0.8735
0.8749
0.8749
0.8735
0.8687
0.8608
0.8565
0.8608
0.8687
0.8735
0.8749
0.8749
0.8735
0.8687
0.8608
0.8470
0.8516
0.8600
0.8651
0.8665
0.8667
0.8667
0.8665
0.8650
0.8583
0.8430
0.8219
0.8018
0.7883
0.7888
0.8084
0.8362
0.8536
0.8512
0.8332
0.8139
0.8062
0.8139
0.8333
0.8530
0.8634
0.8648
0.8600
0.8516
0.8470
0.8516
0.8600
0.8651
0.8665
0.8665
0.8650
0.8584
0.8447
0.8303
0.8252
0.8298
0.8387
0.8499
0.8598
0.8651
0.8665
0.8667
0.8667
0.8667
0.8667
0.8667
0.8667
0.8665
0.8650
0.8583
0.8432
0.8235
0.8084
0.8016
0.7855
0.7870
0.7848
0.7820
0.7780
0.7957
0.8398
0.8772
0.8969
