0.8750
0.8457
0.8400
0.8491
0.8901
0.8945
0.8967
0.9042
0.9054
0.8946
0.8837
0.8773
0.8828
0.8878
0.8886
0.8848
0.8848
0.8953
0.9086
0.9176
0.9222
0.9180
0.9050
0.8939
0.8911
0.8917
0.8842
0.8605
0.8276
0.8051
0.7926
0.7837
0.7825
0.7975
0.8225
0.8380
0.8321
0.8105
0.7905
0.7846
0.7870
0.7820
0.7655
0.7478
0.7369
0.7336
0.7421
0.7653
0.7977
0.8311
0.8591
0.8786
0.8914
0.8987
0.8988
0.8928
0.8859
0.8832
0.8858
0.8918
0.8950
0.8916
0.8847
0.8784
0.8751
0.8788
0.8891
0.8988
0.9023
0.8987
0.8881
0.8750
0.8679
0.8693
0.8722
0.8688
0.9000
0.8999
0.8988
0.8949
0.8873
0.8777
0.8649
0.8463
0.8290
0.8251
0.8338
0.8438
0.8487
0.8499
0.8500
0.8501
0.8513
0.8563
0.8675
0.8811
0.8874
0.8811
0.8675
0.8563
0.8961
0.8949
0.8945
0.8923
0.8842
0.8709
0.8636
0.8709
0.8841
0.8909
0.8881
0.8789
0.8739
0.8858
0.9117
0.9356
0.9511
0.9630
0.9681
0.9551
0.9252
0.8959
0.8817
0.8817
0.8830
0.8764
0.8685
0.8739
0.8960
0.9210
0.9328
0.9274
0.9132
0.9013
0.8961
0.8943
0.9443
0.9444
0.9444
0.9444
0.9444
0.9444
0.9444
0.9444
0.9444
0.9444
0.9444
0.9441
0.9406
0.9278
0.9012
0.8889
0.8935
0.9123
0.9174
0.9110
0.9590
0.9445
0.9895
0.9790
0.9667
0.9540
0.9393
0.8973
0.8524
0.8385
0.8689
0.9013
