0.8936
0.8834
0.8763
0.8725
0.8712
0.8717
0.8731
0.8747
0.8766
0.8797
0.8840
0.8889
0.8946
0.8994
0.9032
0.9058
0.9077
0.9091
0.9100
0.9104
0.9102
0.9096
0.9086
0.9081
0.9067
0.9058
0.9058
0.9067
0.9072
0.9077
0.9078
0.9073
0.9059
0.9045
0.9026
0.9004
0.8991
0.8987
0.9002
0.9029
0.9057
0.9077
0.9088
0.9088
0.9076
0.9049
0.9025
0.9002
0.8985
0.8963
0.8935
0.8909
0.8891
0.8889
0.8899
0.8910
0.8914
0.8911
0.8891
0.8872
0.8871
0.8895
0.8922
0.8936
0.8938
0.8913
0.8873
0.8829
0.8786
0.8754
0.8726
0.8689
0.8656
0.8641
0.8599
0.8575
0.8562
0.8563
0.8580
0.8603
0.8638
0.8663
0.8691
0.8704
0.8707
0.8714
0.8712
0.8702
0.8689
0.8675
0.8659
0.8634
0.8610
0.8579
0.8587
0.8599
0.8624
0.8657
0.8671
0.8685
0.8685
0.8664
0.8668
0.8659
0.8642
0.8629
0.8603
0.8592
0.8588
0.8569
0.8567
0.8564
0.8569
0.8564
0.8568
0.8562
0.8554
0.8552
0.8560
0.8545
0.8536
0.8518
0.8496
0.8474
