0.8889
0.8935
0.8966
0.9012
0.9067
0.9131
0.9163
0.9239
0.9111
0.9001
0.8965
0.9000
0.9072
0.9100
0.8979
0.8840
0.8801
0.9092
0.9109
0.9287
0.9338
0.9398
0.9412
0.9354
0.9244
0.9199
0.9261
0.9260
0.9247
0.9206
0.9224
0.9169
0.9071
0.8960
0.8855
0.8708
0.8589
0.8560
0.8768
0.8940
0.9289
0.9379
0.9406
0.9400
0.9646
0.9668
0.9650
0.9565
0.9452
0.9471
0.9463
0.9527
0.9501
0.9334
0.9288
0.9105
0.8993
0.8936
0.8806
0.8632
0.8666
0.8853
0.9028
0.9423
0.9350
0.9350
0.9448
0.9689
0.9844
0.9827
0.9705
0.9604
0.9569
0.9603
0.9694
0.9783
0.9772
0.9678
0.9549
0.9450
0.9288
0.9119
0.8947
0.8774
0.8517
0.8250
0.8117
0.8066
0.7931
0.7802
0.7751
0.7627
0.7839
0.7839
0.7786
0.7695
0.7645
0.7679
0.7537
0.7482
0.7165
0.6816
0.7090
0.6881
0.6733
0.6889
0.7087
