0.8571
0.9136
0.9531
0.9648
0.9601
0.9585
0.9582
0.9566
0.9519
0.9480
0.9545
0.9726
0.9892
0.9917
0.9707
0.9243
0.8759
0.8564
0.8641
0.8779
0.8852
0.8811
0.8743
0.8902
0.9411
0.9646
0.9851
0.9874
0.9771
0.9705
0.9773
0.9900
0.9977
0.9998
1.0000
1.0000
1.0000
1.0000
1.0000
1.0000
1.0000
1.0000
0.9997
0.9971
0.9875
0.9717
0.9631
0.9717
0.9875
0.9971
0.9997
1.0000
1.0000
1.0000
1.0000
1.0000
1.0000
1.0000
1.0000
0.9997
0.9971
0.9875
0.9711
0.9570
0.9437
0.9183
0.8949
0.9061
0.9466
0.9817
0.9965
0.9997
1.0000
1.0000
1.0000
1.0000
1.0000
1.0000
1.0000
1.0000
1.0000
1.0000
1.0000
1.0000
1.0000
1.0000
1.0000
1.0000
1.0000
1.0000
1.0000
1.0000
1.0000
1.0000
1.0000
1.0000
1.0000
1.0000
1.0000
1.0000
1.0000
1.0000
1.0000
1.0000
1.0000
1.0000
1.0000
1.0000
1.0000
1.0000
1.0000
1.0000
1.0000
1.0000
1.0000
1.0000
1.0000
1.0000
1.0000
1.0000
1.0000
1.0000
1.0000
1.0000
1.0000
1.0000
1.0000
0.9996
0.9953
0.9795
0.9500
0.9209
0.9089
0.9162
0.9295
0.9295
0.9162
0.9089
0.9209
0.9500
0.9795
0.9953
0.9996
1.0000
1.0000
1.0000
1.0000
1.0000
1.0000
1.0000
1.0000
1.0000
1.0000
1.0000
1.0000
1.0000
1.0000
1.0000
1.0000
1.0000
1.0000
1.0000
1.0000
1.0000
0.9996
0.9953
0.9795
0.9496
0.9162
0.8893
0.8755
0.8909
0.9342
0.9753
0.9949
0.9991
0.9953
0.9800
0.9547
0.9409
0.9547
0.9800
0.9953
0.9991
0.9953
0.9800
0.9542
0.9363
0.9346
0.9346
0.9363
0.9542
0.9800
0.9949
0.9936
0.9750
0.9433
0.9261
0.9428
0.9692
0.9589
0.9237
0.9015
0.9237
0.9589
0.9372
0.8739
0.5790
0.4210
0.2522
0.1023
0.0233
0.0000
