1.0000
0.9043
0.8815
0.8796
0.8896
0.8865
0.8777
0.8859
0.9106
0.9362
0.9575
0.9701
0.9663
0.9491
0.9290
0.9221
0.9228
0.9200
0.9088
0.9048
0.9009
0.8957
0.9012
0.9200
0.9359
0.9360
0.9337
0.9289
0.9249
0.9141
0.9153
0.9263
0.9375
0.9416
0.9373
0.9249
0.9085
0.8959
0.8903
0.8890
0.8889
0.8889
0.8889
0.8889
0.8889
0.8889
0.8889
0.8889
0.8889
0.8889
0.8889
0.8888
0.8876
0.8832
0.8749
0.8655
0.8567
0.8472
0.8377
0.8289
0.8196
0.8114
0.8081
0.8114
0.8194
0.8277
0.8319
0.8318
0.8265
0.8140
0.7956
0.8161
0.8029
0.7869
0.7793
0.7856
0.7971
0.8028
0.8047
0.8101
0.8176
0.8222
0.8234
0.8235
0.8234
0.8222
0.8176
0.8102
0.8061
0.8102
0.8176
0.8222
0.8234
0.8235
0.8234
0.8222
0.8178
0.8117
0.8135
0.8309
0.8557
0.8736
0.8807
0.8822
0.8824
0.8824
0.8824
0.8824
0.8824
0.8824
0.8824
0.8824
0.8824
0.8824
0.8824
0.8824
0.8824
0.8824
0.8824
0.8824
0.8824
0.8824
0.8824
0.8824
0.8824
0.8824
0.8824
0.8824
0.8822
0.8735
0.9267
0.9182
0.9136
0.9124
0.9214
0.9269
0.9286
0.9302
0.9357
0.9448
0.9497
0.9448
0.9357
0.9302
0.9289
0.9304
0.9374
0.9519
0.9659
0.9659
0.9521
0.9392
0.9392
0.9521
0.9657
0.9641
0.9429
0.9124
0.8859
0.8752
0.8840
0.9019
0.9123
0.9089
0.9002
0.8962
0.9002
0.9091
0.9140
0.9091
0.9000
0.8945
0.8930
0.8927
0.8914
0.8874
0.8840
0.8895
0.9033
0.9110
0.9034
0.8911
0.8913
0.9051
0.9179
0.9178
0.9034
0.8841
0.8751
0.8841
0.9034
0.9178
0.9178
0.9034
0.8841
0.8749
0.8825
0.8964
0.9033
0.9040
0.9051
0.9052
0.9058
0.9122
0.9214
0.9269
0.9284
0.9286
0.9286
0.9286
0.9286
0.9286
0.9286
0.9286
0.9231
0.9231
0.9231
0.9231
0.9231
0.9229
0.9213
0.9154
0.9056
0.9003
0.9056
0.9154
0.9213
0.9229
0.9232
0.9250
0.9327
0.9500
0.9709
0.9807
0.9709
0.9500
0.9326
0.9232
0.9155
0.9056
0.9003
0.9056
0.9155
0.9232
0.9326
0.9502
0.9727
0.9884
0.9884
0.9727
0.9502
0.9327
0.9250
0.9232
0.9231
0.9231
0.9231
0.9231
0.9231
0.9231
0.9231
0.9231
0.9231
0.9231
0.9231
0.9231
0.9231
0.9167
0.9167
0.9167
0.9167
0.9167
0.9167
0.9167
0.9167
0.9167
0.9167
0.9167
0.9165
0.9147
0.9083
0.8885
0.8822
0.8885
0.9000
0.9068
0.8972
0.8872
0.8618
0.7991
0.7376
