1.0000
0.9487
0.9167
0.9009
0.9015
0.9139
0.9280
0.9378
0.9354
0.9307
0.9235
0.9072
0.8916
0.8912
0.9027
0.9152
0.9258
0.9307
0.9178
0.8804
0.8343
0.8076
0.8073
0.8165
0.8220
0.8234
0.8237
0.8250
0.8309
0.8443
0.8616
0.8670
0.8718
0.8670
0.8530
0.8344
0.8189
0.8080
0.8002
0.8035
0.8282
0.8686
0.9046
0.9202
0.9152
0.9031
0.8970
0.8951
0.8819
0.8733
0.8682
0.8670
0.8682
0.8733
0.8818
0.8865
0.8835
0.8817
0.8914
0.9067
0.9099
0.8929
0.8683
0.8483
0.8228
0.8323
0.8197
0.8198
0.8336
0.8465
0.8462
0.8300
0.8021
0.7715
0.7520
0.7575
0.7874
0.8214
0.8372
0.8283
0.8036
0.7785
0.7664
0.7695
0.7769
0.7769
0.7694
0.7646
0.7694
0.7767
0.7751
0.7603
0.7398
0.7286
0.7158
0.7013
0.6738
0.6550
0.6516
0.6904
0.7230
0.7246
0.7161
0.6975
0.6809
0.6871
