0.9176
0.9074
0.9023
0.8952
0.8865
0.8788
0.8844
0.8817
0.8834
0.8904
0.8954
0.8994
0.9085
0.9168
0.9242
0.9247
0.9176
0.9029
0.8857
0.8930
0.8974
0.9061
0.9245
0.9202
0.9241
0.9198
0.9128
0.9072
0.9074
0.9181
0.9327
0.9450
0.9445
0.9447
0.9487
0.9546
0.9568
0.9594
0.9604
0.9588
0.9549
0.9488
0.9430
0.9421
0.9463
0.9517
0.9541
0.9521
0.9479
0.9450
0.9432
0.9415
0.9382
0.9513
0.9517
0.9509
0.9459
0.9390
0.9346
0.9344
0.9328
0.9260
0.9180
0.9085
0.9029
0.8990
0.8992
0.9009
0.8997
0.8985
0.8979
0.9005
0.9046
0.9004
0.8875
0.8778
0.8717
0.8739
0.8785
0.8810
0.8774
0.8724
0.8674
0.8723
0.8940
0.9219
0.9355
0.9367
0.9342
0.9340
0.9380
0.9338
0.9301
0.9283
0.9224
0.9073
0.9035
0.9037
0.8939
0.8879
0.8778
0.8722
0.8661
0.8608
0.8579
0.8562
0.8730
0.8509
0.8532
0.8254
0.8102
0.8046
0.8038
0.8078
0.8135
0.8161
0.8047
0.7987
0.7853
0.7782
0.7732
