0.8217
0.8301
0.8378
0.8469
0.8538
0.8655
0.8732
0.8822
0.8885
0.8921
0.8996
0.9027
0.9061
0.9112
0.9149
0.9133
0.9114
0.9103
0.9098
0.9064
0.9024
0.8970
0.8907
0.8830
0.8799
0.8835
0.8901
0.8949
0.8976
0.8990
0.8999
0.9023
0.9060
0.9077
0.9069
0.9079
0.9091
0.9053
0.8943
0.8795
0.8663
0.8598
0.8630
0.8732
0.8833
0.8903
0.8949
0.8964
0.9018
0.8971
0.8949
0.8951
0.8974
0.8995
0.9087
0.9111
0.9134
0.9150
0.9136
0.9100
0.9077
0.9083
0.9114
0.9157
0.9194
0.9219
0.9231
0.9231
0.9187
0.9108
0.9042
0.9024
0.9135
0.9184
0.9243
0.9292
0.9308
0.9276
0.9193
0.9090
0.9020
0.9007
0.9031
0.9052
0.9035
0.8974
0.8901
0.8856
0.8927
0.8912
0.8872
0.8829
0.8824
0.8860
0.8909
0.8953
0.9000
0.9055
0.9130
0.9195
0.9222
0.9219
0.9206
0.9187
0.9152
0.9099
0.9034
0.8979
0.8962
0.8985
0.9008
0.9027
0.9043
0.9073
0.9112
0.9130
0.9106
0.9122
0.9125
0.9124
0.9126
0.9134
0.9144
0.9134
0.9099
0.9066
0.9055
0.9061
0.9055
0.9013
0.8939
0.8863
0.8896
0.8923
0.8960
0.8983
0.9006
0.9012
0.8995
0.8983
0.8971
0.8964
0.8982
0.9018
0.9047
0.9059
0.9060
0.9049
0.9023
0.8985
0.8950
0.8938
0.8949
0.8958
0.8954
0.8931
0.8878
0.8822
0.8795
0.8813
0.8870
0.8939
0.8981
0.8990
0.8997
0.9015
0.9024
0.9005
0.8973
0.8948
0.8949
0.8936
0.8916
0.8922
0.8936
0.8921
0.8891
0.8880
0.8888
0.8880
0.8841
0.8781
0.8729
0.8700
0.8681
0.8668
0.8681
0.8726
0.8779
0.8816
0.8837
0.8848
0.8835
0.8785
0.8732
0.8729
0.8769
0.8789
0.8847
0.8852
0.8852
0.8844
0.8836
0.8836
0.8838
0.8842
0.8849
0.8843
0.8826
0.8814
0.8795
0.8759
0.8740
0.8760
0.8764
0.8769
0.8736
0.8671
0.8604
0.8582
0.8622
0.8660
0.8758
0.8725
0.8702
0.8705
0.8709
0.8789
0.8779
0.8717
0.8651
0.8632
0.8655
0.8672
0.8652
0.8614
0.8589
0.8576
0.8553
0.8540
0.8547
0.8586
0.8611
0.8642
0.8702
0.8761
0.8765
0.8693
0.8596
0.8542
0.8550
0.8579
0.8582
0.8550
0.8514
0.8493
0.8495
0.8541
0.8626
0.8702
0.8787
0.8859
0.8895
0.8901
0.8896
0.8883
0.8850
0.8823
0.8774
0.8706
0.8656
0.8621
0.8593
0.8584
0.8538
0.8360
0.8371
0.8221
0.8084
0.7759
0.7524
0.7318
0.7244
0.7043
0.7018
0.6963
