0.9275
0.9242
0.9036
0.9033
0.9164
0.9273
0.9414
0.9533
0.9582
0.9516
0.9423
0.9333
0.9254
0.9191
0.9138
0.9133
0.9157
0.9214
0.9245
0.9334
0.9397
0.9401
0.9390
0.9432
0.9503
0.9546
0.9530
0.9440
0.9315
0.9241
0.9258
0.9323
0.9379
0.9396
0.9384
0.9356
0.9312
0.9259
0.9215
0.9183
0.9156
0.9138
0.9125
0.9059
0.8964
0.8896
0.8924
0.9008
0.9068
0.9110
0.9170
0.9227
0.9241
0.9212
0.9173
0.9155
0.9144
0.9106
0.9042
0.8986
0.8963
0.9024
0.9124
0.9190
0.9185
0.9139
0.9102
0.9102
0.9140
0.9194
0.9231
0.9232
0.9198
0.9157
0.9135
0.9098
0.9056
0.9011
0.8980
0.8944
0.8903
0.8885
0.8907
0.8962
0.9013
0.9025
0.8975
0.8938
0.8936
0.8952
0.8900
0.8732
0.8701
0.8742
0.8872
0.8923
0.8930
0.8935
0.8931
0.8916
0.8894
0.8895
0.8913
0.8913
0.8913
0.8908
0.8861
0.8816
0.8745
0.8745
0.8789
0.8835
0.8853
0.8840
0.8784
0.8768
0.8784
0.8785
0.8769
0.8750
0.8701
0.8653
0.8653
0.8662
0.8654
0.8622
0.8520
0.8493
0.8507
0.8609
0.8667
0.8635
0.8568
0.8532
0.8543
0.8588
0.8654
0.8973
0.9034
0.9040
0.8980
0.8964
0.8952
0.8965
0.8903
0.8709
0.8450
0.8538
0.9112
0.9301
