0.9474
0.9205
0.9077
0.8990
0.8946
0.8806
0.8565
0.8296
0.8076
0.8312
0.8353
0.8308
0.8328
0.8495
0.8678
0.8733
0.8658
0.8520
0.8396
0.8304
0.8262
0.8299
0.8395
0.8543
0.8673
0.8734
0.8747
0.8735
0.8686
0.8592
0.8487
0.8389
0.8297
0.8251
0.8281
0.8312
0.8283
0.8266
0.8360
0.8531
0.8672
0.8734
0.8749
0.8750
0.8750
0.8750
0.8750
0.8750
0.8749
0.8734
0.8672
0.8530
0.8342
0.8173
0.8000
0.7615
0.7371
0.7266
0.7284
0.7319
0.7333
0.7349
0.7400
0.7486
0.7544
0.7534
0.7469
0.7329
0.7153
0.7119
0.7282
0.7450
0.7468
0.7400
0.7366
0.7418
0.7568
0.7765
0.7915
0.7968
0.7930
0.7832
0.7554
0.7409
0.6938
0.7000
0.6896
0.6856
0.6980
0.7208
0.7395
0.7479
0.7498
0.7500
0.7500
0.7500
0.7500
0.7500
0.7500
0.7500
0.7500
0.7500
0.7500
0.7500
0.7500
0.7500
0.7498
0.7479
0.7395
0.7206
0.6960
0.6773
0.6709
0.6773
0.6960
0.7206
0.7395
0.7479
0.7498
0.7500
0.7500
0.7500
0.7500
0.7500
0.7498
0.7481
0.7417
0.7311
0.7004
0.7067
0.7182
0.7252
0.7271
0.7273
0.7273
0.7273
0.7273
0.7271
0.7248
0.7135
0.6838
0.6364
0.5889
0.5592
0.5480
0.5457
0.5455
0.5455
0.5455
0.5455
0.5455
0.5455
0.5455
0.6000
