1.0000
0.9643
0.9457
0.9437
0.9540
0.9642
0.9693
0.9616
0.9495
0.9484
0.9616
0.9756
0.9798
0.9784
0.9767
0.9756
0.9733
0.9676
0.9623
0.9604
0.9615
0.9630
0.9639
0.9653
0.9670
0.9670
0.9653
0.9639
0.9635
0.9634
0.9629
0.9615
0.9604
0.9623
0.9676
0.9726
0.9743
0.9738
0.9700
0.9636
0.9595
0.9600
0.9592
0.9528
0.9482
0.9456
0.9495
0.9520
0.9462
0.9563
0.9562
0.9569
0.9534
0.9480
0.9471
0.9464
0.9378
0.9258
0.9214
0.9280
0.9391
0.9454
0.9486
0.9528
0.9543
0.9502
0.9455
0.9456
0.9516
0.9602
0.9668
0.9692
0.9676
0.9639
0.9612
0.9610
0.9610
0.9612
0.9639
0.9676
0.9699
0.9705
0.9706
0.9706
0.9706
0.9705
0.9699
0.9676
0.9639
0.9612
0.9610
0.9610
0.9612
0.9639
0.9676
0.9698
0.9698
0.9660
0.9598
0.9539
0.9524
0.9576
0.9594
0.9493
0.9254
0.9165
0.8897
0.8755
0.8976
