0.9600
0.9600
0.9600
0.9601
0.9609
0.9626
0.9687
0.9747
0.9753
0.9705
0.9628
0.9597
0.9655
0.9678
0.9619
0.9485
0.9261
0.9087
0.9095
0.9237
0.9262
0.9077
0.8885
0.8825
0.8866
0.8899
0.8875
0.8850
0.8815
0.8829
0.8747
0.8582
0.8395
0.8261
0.8282
0.8444
0.8525
0.8383
0.8144
0.7862
0.7792
0.7765
0.7707
0.7570
0.7376
0.7236
0.7265
0.7428
0.7502
0.7332
0.7069
0.7032
0.7273
0.7502
0.7488
0.7315
0.7253
0.7432
0.7690
0.7794
0.7691
0.7864
0.7804
0.7863
0.8176
0.8305
0.8073
0.7728
0.8042
0.8130
0.7999
0.7860
0.7598
0.7377
0.7431
0.7783
