0.8378
0.8735
0.8800
0.8633
0.8602
0.8585
0.8522
0.8457
0.8431
0.8443
0.8344
0.8227
0.8121
0.8043
0.8184
0.8393
0.8545
0.8566
0.8467
0.8277
0.8224
0.8219
0.8189
0.8059
0.7813
0.7565
0.7427
0.7375
0.7370
0.7424
0.7544
0.7612
0.7819
0.8074
0.8305
0.8281
0.8199
0.8200
0.8339
0.8479
0.8390
0.8344
0.8060
0.7905
0.7893
0.7872
0.7804
0.7835
0.7910
0.8039
0.8078
0.8000
0.7975
0.8064
0.8117
0.8042
0.7906
0.7788
0.7728
0.7723
0.7724
0.7742
0.7853
0.8081
0.8355
0.8483
0.8586
0.8627
0.8663
0.8528
0.8451
0.8254
0.7998
0.7815
0.7801
0.7937
0.8124
0.8299
0.8389
0.8326
0.8223
0.8283
0.8391
