0.8754
0.8943
0.8967
0.8939
0.8900
0.8838
0.8792
0.8737
0.8727
0.8752
0.8781
0.8753
0.8756
0.8790
0.8837
0.8862
0.8852
0.8817
0.8771
0.8783
0.8858
0.8900
0.8961
0.8944
0.8976
0.8947
0.8912
0.8865
0.8826
0.8813
0.8814
0.8819
0.8838
0.8862
0.8874
0.8846
0.8821
0.8822
0.8834
0.8828
0.8820
0.8801
0.8781
0.8798
0.8795
0.8806
0.8831
0.8851
0.8842
0.8811
0.8745
0.8666
0.8612
0.8579
0.8592
0.8545
0.8542
0.8562
0.8600
0.8646
0.8698
0.8772
0.8879
0.8947
0.9017
0.8991
0.8928
0.8857
0.8917
0.8921
0.8886
0.8825
0.8770
0.8738
0.8729
0.8727
0.8703
0.8711
0.8697
0.8676
0.8674
0.8608
0.8585
0.8602
0.8639
0.8695
0.8732
0.8790
0.8830
0.8826
0.8797
0.8744
0.8679
0.8622
0.8595
0.8588
0.8596
0.8606
0.8638
0.8659
0.8655
0.8638
0.8654
0.8702
0.8750
0.8780
0.8764
0.8741
0.8700
0.8662
0.8661
0.8709
0.8786
0.8836
0.8870
0.8865
0.8828
0.8771
0.8767
0.8797
0.8763
0.8744
0.8737
0.8722
0.8667
0.8656
0.8662
0.8706
0.8745
0.8821
0.8815
0.8769
0.8716
0.8695
0.8760
0.8758
0.8740
0.8734
0.8737
0.8701
0.8667
0.8585
0.8558
0.8583
0.8586
0.8615
0.8637
0.8646
0.8639
0.8630
0.8624
0.8639
0.8628
0.8593
0.8517
0.8485
0.8530
0.8595
0.8638
0.8659
0.8694
0.8725
0.8819
0.8820
0.8845
0.8854
0.8836
0.8768
0.8669
0.8594
0.8562
0.8568
0.8589
0.8615
0.8651
0.8665
0.8681
0.8655
0.8602
0.8554
0.8519
0.8527
0.8538
0.8551
0.8542
0.8534
0.8534
0.8547
0.8577
0.8595
0.8623
0.8641
0.8624
0.8567
0.8510
0.8492
0.8531
0.8610
0.8681
0.8716
0.8809
0.8801
0.8868
0.8825
0.8754
0.8667
0.8591
0.8635
0.8695
0.8761
0.8861
0.8903
0.8918
0.8917
0.8893
0.8839
0.8794
0.8772
0.8755
0.8719
0.8804
0.8764
0.8669
0.8551
0.8525
0.8605
0.8626
0.8730
0.8685
0.8642
0.8726
0.8766
0.8820
0.8854
0.8818
0.8886
0.8842
0.8859
0.8872
0.8848
0.8850
0.8940
0.8810
0.8646
