0.9231
0.9078
0.8904
0.8760
0.8743
0.8841
0.8937
0.8952
0.8908
0.8873
0.8871
0.8854
0.8817
0.8857
0.9024
0.9207
0.9274
0.9255
0.9293
0.9382
0.9440
0.9441
0.9470
0.9508
0.9499
0.9473
0.9486
0.9505
0.9447
0.9297
0.9105
0.9029
0.9099
0.9250
0.9377
0.9431
0.9677
0.9700
0.9678
0.9614
0.9536
0.9493
0.9501
0.9514
0.9492
0.9441
0.9351
0.9179
0.8972
0.8897
0.9027
0.9229
0.9336
0.9319
0.9243
0.9179
0.9156
0.9165
0.9179
0.9163
0.9130
0.9143
0.9221
0.9315
0.9356
0.9321
0.9250
0.9208
0.9222
0.9264
0.9288
0.9340
0.9364
0.9387
0.9393
0.9394
0.9394
0.9393
0.9368
0.9323
0.9281
0.9252
0.9249
0.9242
0.9220
0.9208
0.9227
0.9274
0.9322
0.9347
0.9354
0.9355
0.9355
0.9355
0.9355
0.9355
0.9354
0.9347
0.9323
0.9282
0.9260
0.9282
0.9323
0.9347
0.9667
0.9643
0.9642
0.9635
0.9607
0.9562
0.9519
0.9519
0.9538
0.9518
0.9472
0.9467
0.9440
0.9332
0.9137
0.8926
0.8797
0.9081
0.9087
0.8987
0.8804
0.8765
0.8603
0.8637
0.8523
0.8595
