0.9420
0.9196
0.8963
0.8839
0.8694
0.8599
0.8568
0.8616
0.8689
0.8722
0.8773
0.8786
0.8754
0.8642
0.8511
0.8436
0.8435
0.8483
0.8544
0.8608
0.8668
0.8758
0.8799
0.8777
0.8722
0.8649
0.8564
0.8496
0.8458
0.8424
0.8359
0.8276
0.8243
0.8272
0.8295
0.8293
0.8317
0.8377
0.8432
0.8463
0.8476
0.8460
0.8415
0.8377
0.8340
0.8248
0.8303
0.8309
0.8308
0.8359
0.8392
0.8341
0.8340
0.8578
0.8622
0.8629
0.8626
0.8634
0.8649
0.8653
0.8656
0.8675
0.8702
0.8720
0.8690
0.8669
0.8624
0.8572
0.8533
0.8499
0.8464
0.8456
0.8489
0.8550
0.8619
0.8668
0.8690
0.8695
0.8696
0.8696
0.8666
0.8661
0.8643
0.8606
0.8557
0.8515
0.8507
0.8528
0.8519
0.8621
0.8580
0.8552
0.8536
0.8552
0.8581
0.8599
0.8604
0.8605
0.8604
0.8599
0.8581
0.8547
0.8439
0.8414
0.8339
0.8230
0.8168
0.8190
0.8240
0.8257
0.8209
0.8127
0.8095
0.8089
0.7978
0.7890
0.7868
0.7909
0.7916
0.7855
0.7754
0.7830
0.7742
0.7831
0.7588
0.7336
0.7250
0.7084
0.7971
