0.7778
0.8302
0.8048
0.7620
0.7832
0.7878
0.7959
0.8049
0.8053
0.8150
0.8352
0.8511
0.8585
0.8458
0.8288
0.8243
0.8393
0.8616
0.8750
0.8809
0.8822
0.8824
0.8822
0.8810
0.8763
0.8675
0.8577
0.8497
0.8347
0.8347
0.8401
0.8472
0.8515
0.8482
0.8409
0.8422
0.8544
0.8658
0.8672
0.8606
0.8551
0.8546
0.8546
0.8551
0.8607
0.8686
0.8721
0.8598
0.8516
0.8360
0.8287
0.8385
0.8444
0.8460
0.8462
0.8460
0.8442
0.8367
0.8210
0.8058
0.8040
0.8114
0.8097
0.7965
0.7903
0.8079
0.8469
0.8873
0.8899
0.8976
0.9083
0.9147
0.9165
0.9167
0.9167
0.9167
0.9167
0.9167
0.9165
0.9147
0.9083
0.8978
0.8920
0.8978
0.9083
0.9147
0.9165
0.9165
0.9147
0.9081
0.8958
0.8833
0.8746
0.8630
0.8392
0.8116
0.8055
0.8180
0.8049
0.7764
0.8000
