0.8333
0.8484
0.8384
0.8418
0.8499
0.8407
0.8071
0.7865
0.8073
0.8432
0.8632
0.8799
0.9018
0.8994
0.8644
0.8365
0.8405
0.8619
0.8819
0.8903
0.8843
0.8729
0.8679
0.8729
0.8843
0.8905
0.8841
0.8708
0.8588
0.8525
0.8595
0.8792
0.8979
0.9068
0.9089
0.9091
0.9091
0.9091
0.9089
0.9070
0.9000
0.8885
0.8822
0.8883
0.8979
0.8979
0.8883
0.8822
0.8885
0.9000
0.9070
0.9089
0.9091
0.9091
0.9000
0.9000
0.9000
0.9000
0.9000
0.9000
0.9000
0.9000
0.8998
0.8975
0.8874
0.8648
0.8352
0.8126
0.8025
0.8002
0.8002
0.8025
0.8126
0.8352
0.8648
0.8874
0.8977
0.8886
0.8886
0.8861
0.8749
0.8500
0.8200
0.8085
0.8337
0.8891
0.9467
0.9804
0.9830
0.9606
0.9278
0.9000
0.8780
0.8526
0.8280
0.8172
0.8163
0.8170
0.8272
0.8522
0.8750
0.8750
0.8750
0.8750
0.8750
0.8750
0.8750
0.8750
0.8750
0.8750
0.8750
0.8753
0.8779
0.8875
0.9036
0.9148
0.9159
0.9159
0.9148
0.9039
0.8907
0.8936
0.9193
0.9560
0.9843
0.9965
0.9965
0.9843
0.9560
0.9193
0.8939
0.8939
0.9190
0.9531
0.9718
0.9682
0.9596
0.9560
0.9435
0.9161
0.8904
0.8782
0.8753
0.8753
0.8782
0.8907
0.9190
0.9560
0.9840
0.9936
0.9840
0.9557
0.9161
0.8785
0.8530
0.8540
0.8907
0.9435
0.9814
0.9965
0.9997
1.0000
1.0000
1.0000
1.0000
1.0000
1.0000
1.0000
1.0000
0.9997
0.9971
0.9875
0.9717
0.9631
0.9717
0.9875
0.9968
0.9968
0.9875
0.9714
0.9602
0.9589
0.9560
0.9445
0.9274
0.9068
0.8910
0.8936
0.9193
0.9560
0.9840
0.9939
0.9869
0.9688
0.9506
0.9433
0.9506
0.9688
0.9872
0.9971
0.9997
1.0000
1.0000
1.0000
0.9997
0.9968
0.9843
0.9557
0.9161
0.8782
0.8501
0.8415
0.8623
0.9065
0.9531
0.9840
0.9968
0.9997
1.0000
0.9997
0.9971
0.9869
0.9656
0.9349
0.8996
0.8728
0.8751
0.9092
0.9504
0.9715
0.9685
0.9628
0.9717
0.9872
0.9939
0.9843
0.9591
0.9344
0.9315
0.9435
0.9406
0.9159
0.8904
0.8782
0.8753
0.8750
0.8750
0.8750
0.8750
0.8750
0.8750
0.8750
0.8750
0.8750
0.8750
0.8750
0.8750
0.8750
0.8750
0.8750
0.8750
0.8750
0.8750
0.8750
0.8750
0.8750
0.8750
0.8750
0.8750
0.8750
0.8750
0.8750
0.8750
0.8750
0.8750
0.8750
0.8753
0.8782
0.8907
0.9190
0.9560
0.9843
0.9968
0.9997
1.0000
1.0000
1.0000
1.0000
1.0000
1.0000
1.0000
1.0000
0.9997
0.9971
0.9872
0.9685
0.9474
0.9276
0.9068
0.8754
0.8781
0.9045
0.9351
0.9464
0.9399
0.9346
0.9402
0.9505
0.9574
0.9690
0.9995
1.0000
1.0000
1.0000
1.0000
1.0000
1.0000
