0.9062
0.8730
0.8550
0.8535
0.8651
0.8735
0.8669
0.8420
0.8466
0.8462
0.8398
0.8198
0.7937
0.7684
0.7654
0.7622
0.7594
0.7669
0.7889
0.8164
0.8381
0.8477
0.8426
0.8280
0.8173
0.8207
0.8342
0.8414
0.8345
0.8230
0.8166
0.8151
0.8156
0.8183
0.8235
0.8248
0.8213
0.8213
0.8248
0.8148
0.8176
0.8143
0.8041
0.7896
0.7695
0.7328
0.7104
0.7016
0.7053
0.7454
0.7624
0.7703
0.7703
0.7626
0.7476
0.7356
0.7387
0.7533
0.7661
0.7715
0.7726
0.7727
0.7727
0.7727
0.7726
0.7717
0.7682
0.7622
0.7572
0.7532
0.7464
0.7391
0.7360
0.7342
0.7308
0.7271
0.7218
0.7123
0.7025
0.6990
0.7020
0.7072
0.7113
0.7123
0.7128
0.7169
0.7226
0.7251
0.7215
0.7114
0.6990
0.6932
0.6989
0.7103
0.7172
0.7172
0.7186
0.7155
0.7202
0.7298
0.7392
0.7392
0.7297
0.7191
0.7106
0.7025
0.6954
0.6926
0.6941
0.6954
0.6888
0.6741
0.6597
0.6497
0.6459
0.6546
0.6737
0.6894
0.6913
0.6823
0.6739
0.6751
0.6895
0.7142
0.7380
0.7503
0.7374
0.7353
0.7262
0.7382
0.7540
0.7694
0.7750
0.7642
0.7420
0.7214
0.7090
0.7042
0.7082
0.7208
0.7356
0.7476
0.7535
0.7540
0.7542
0.7550
0.7555
0.7606
0.7722
0.7829
0.7866
0.7803
0.7600
0.7651
0.7602
0.7610
0.7665
0.7781
0.7928
0.7817
0.8016
0.7899
0.7532
0.7219
0.6497
