0.9157
0.9170
0.9239
0.9343
0.9424
0.9491
0.9550
0.9594
0.9592
0.9547
0.9486
0.9408
0.9392
0.9387
0.9397
0.9400
0.9421
0.9425
0.9443
0.9454
0.9473
0.9497
0.9529
0.9571
0.9608
0.9619
0.9600
0.9584
0.9577
0.9577
0.9584
0.9591
0.9605
0.9619
0.9632
0.9639
0.9627
0.9592
0.9542
0.9490
0.9472
0.9508
0.9518
0.9530
0.9556
0.9565
0.9571
0.9566
0.9550
0.9532
0.9544
0.9544
0.9550
0.9584
0.9592
0.9609
0.9614
0.9623
0.9605
0.9583
0.9564
0.9547
0.9531
0.9515
0.9516
0.9541
0.9599
0.9625
0.9624
0.9603
0.9579
0.9545
0.9545
0.9564
0.9578
0.9586
0.9591
0.9597
0.9603
0.9580
0.9555
0.9539
0.9497
0.9442
0.9355
0.9280
0.9206
0.9104
0.9074
0.9066
0.9018
0.8998
0.9033
0.9004
0.9031
