0.8598
0.8628
0.8639
0.8758
0.8800
0.8806
0.8828
0.8872
0.8897
0.8860
0.8812
0.8757
0.8663
0.8596
0.8567
0.8612
0.8681
0.8773
0.8847
0.8920
0.8985
0.9027
0.8986
0.8861
0.8746
0.8679
0.8782
0.8780
0.8794
0.8832
0.8879
0.8914
0.8901
0.8839
0.8700
0.8674
0.8624
0.8644
0.8685
0.8690
0.8714
0.8757
0.8732
0.8732
0.8728
0.8714
0.8649
0.8594
0.8497
0.8473
0.8480
0.8626
0.8705
0.8718
0.8676
0.8604
0.8514
0.8424
0.8358
0.8437
0.8424
0.8402
0.8396
0.8412
0.8422
0.8391
0.8330
0.8300
0.8338
0.8421
0.8497
0.8600
0.8689
0.8758
0.8794
0.8832
0.8848
0.8848
0.8831
0.8767
0.8691
0.8736
0.8734
0.8712
0.8643
0.8561
0.8538
0.8576
0.8620
0.8639
0.8640
0.8627
0.8602
0.8577
0.8563
0.8560
0.8564
0.8585
0.8636
0.8707
0.8707
0.8712
0.8733
0.8789
0.8879
0.8969
0.9025
0.9043
0.9029
0.8987
0.8919
0.8845
0.8771
0.8756
0.8750
0.8719
0.8708
0.8775
0.8890
0.8965
0.8960
0.8898
0.8812
0.8716
0.8632
0.8611
0.8679
0.8774
0.8792
0.8851
0.8725
0.8567
0.8578
0.8585
0.8660
0.8718
0.8732
0.8697
0.8630
0.8552
0.8547
0.8566
0.8746
0.8755
0.8755
0.8815
0.8903
0.8968
0.9047
0.9124
0.9172
0.9166
0.9119
0.9024
0.8892
0.8794
0.8776
0.8791
0.8784
0.8772
0.8784
0.8795
0.8791
0.8815
0.8880
0.8935
0.8950
0.8965
0.9024
0.9100
0.9125
0.9078
0.9001
0.8935
0.8873
0.8822
0.8800
0.8774
0.8717
0.8670
0.8680
0.8730
0.8775
0.8797
0.8776
0.8776
0.8781
0.8801
0.8847
0.8908
0.8954
0.8974
0.8979
0.8979
0.8974
0.8954
0.8913
0.8873
0.9058
0.9099
0.9128
0.9170
0.9223
0.9287
0.9335
0.9356
0.9361
0.9362
0.9362
0.9362
0.9362
0.9362
0.9362
0.9362
0.9362
0.9361
0.9357
0.9340
0.9308
0.9267
0.9217
0.9149
0.9087
0.9058
0.9071
0.9124
0.9201
0.9249
0.9270
0.9267
0.9249
0.9201
0.9143
0.9134
0.9179
0.9208
0.9151
0.9044
0.9007
0.9092
0.9223
0.9309
0.9331
0.9298
0.9216
0.9069
0.8952
0.8994
0.8896
0.8751
0.8639
0.8630
0.8709
0.8813
0.8901
0.8952
0.8930
0.8838
0.8959
0.8959
0.9048
0.9137
0.9136
0.9041
0.8923
0.8845
0.8818
0.8746
0.8981
0.9057
0.9125
0.9130
0.9082
0.9031
0.9007
0.9007
0.9031
0.9082
0.9136
0.9156
0.9138
0.9099
0.9044
0.9000
0.9019
0.9100
0.9168
0.9175
0.9143
0.9100
0.9045
0.9006
0.9040
0.9143
0.9236
0.9284
0.9305
0.9353
0.9386
0.9347
0.9240
0.9101
0.8905
0.8696
0.8619
0.8630
0.8547
0.8398
0.8144
0.7875
