0.9583
0.9439
0.9281
0.8999
0.8758
0.8954
0.9075
0.9573
0.9652
0.9612
0.9550
0.9512
0.9500
0.9487
0.9436
0.9311
0.9114
0.8900
0.8764
0.8803
0.9013
0.9262
0.9425
0.9486
0.9499
0.9500
0.9500
0.9500
0.9500
0.9500
0.9500
0.9500
0.9500
0.9500
0.9500
0.9500
0.9500
0.9500
0.9500
0.9500
0.9500
0.9500
0.9500
0.9500
0.9500
0.9500
0.9500
0.9499
0.9488
0.9450
0.9387
0.9352
0.9387
0.9450
0.9488
0.9500
0.9513
0.9563
0.9676
0.9824
0.9937
0.9986
0.9987
0.9949
0.9875
0.9802
0.9773
0.9802
0.9875
0.9946
0.9988
0.9999
0.9999
0.9987
0.9934
0.9815
0.9659
0.9540
0.9486
0.9463
0.9421
0.9356
0.9332
0.9420
0.9606
0.9802
0.9932
0.9974
0.9945
0.9867
0.9778
0.9695
0.9606
0.9528
0.9486
0.9475
0.9474
0.9444
0.9444
1.0000
1.0000
0.9999
0.9984
0.9922
0.9778
0.9588
0.9437
0.9999
0.9983
0.9916
0.9748
0.9550
0.9432
0.9649
0.9705
0.9773
0.9900
0.9984
