0.9216
0.8977
0.9044
0.9015
0.8952
0.8858
0.8859
0.8973
0.9266
0.9328
0.9365
0.9391
0.9317
0.9268
0.9221
0.9159
0.9119
0.9112
0.9094
0.9112
0.9149
0.9128
0.8987
0.8887
0.8923
0.9108
0.9334
0.9446
0.9426
0.9373
0.9347
0.9316
0.9287
0.9254
0.9235
0.9288
0.9326
0.9317
0.9297
0.9295
0.9295
0.9297
0.9316
0.9319
0.9234
0.9113
0.9090
0.9161
0.9218
0.9157
0.9063
0.9017
0.9032
0.8952
0.8962
0.9009
0.9457
0.9457
0.9398
0.9332
0.9273
0.9131
0.8998
0.8891
0.8831
0.8793
0.8729
0.8598
0.8611
0.8599
0.8927
0.9039
0.8844
0.8388
0.8091
0.7968
0.8016
0.8004
0.8058
0.8159
0.8163
0.7988
0.8013
0.8157
0.8403
