0.8947
0.8863
0.8423
0.7775
0.7096
0.7134
0.7389
0.7740
0.8062
0.8359
0.8566
0.8646
0.8499
0.8606
0.8808
0.9031
0.9179
0.9133
0.9037
0.8928
0.8902
0.9023
0.9252
0.9621
0.9874
0.9958
0.9915
0.9811
0.9754
0.9794
0.9907
0.9958
0.9907
0.9792
0.9710
0.9703
0.9703
0.9710
0.9792
0.9909
0.9979
0.9998
1.0000
1.0000
1.0000
1.0000
1.0000
1.0000
1.0000
1.0000
1.0000
1.0000
1.0000
1.0000
1.0000
1.0000
1.0000
1.0000
0.9998
0.9975
0.9865
0.9582
1.0000
0.9998
0.9975
0.9876
0.9655
0.9346
1.0000
0.9998
0.9974
0.9889
0.9748
0.9672
0.9748
0.9889
0.9974
0.9998
1.0000
1.0000
1.0000
1.0000
1.0000
1.0000
0.9998
0.9971
0.9875
0.9717
0.9631
0.9717
0.9875
0.9971
0.9995
0.9971
0.9875
0.9717
0.9631
0.9717
0.9875
0.9971
0.9997
1.0000
1.0000
1.0000
1.0000
1.0000
1.0000
0.9997
0.9967
0.9857
0.9676
0.9578
0.9676
0.9857
0.9967
0.9994
0.9967
0.9857
0.9676
0.9578
0.9676
0.9857
0.9967
0.9997
1.0000
1.0000
1.0000
1.0000
1.0000
1.0000
1.0000
1.0000
1.0000
1.0000
1.0000
1.0000
1.0000
1.0000
1.0000
1.0000
1.0000
1.0000
1.0000
1.0000
1.0000
1.0000
1.0000
1.0000
1.0000
1.0000
1.0000
1.0000
1.0000
1.0000
1.0000
1.0000
1.0000
1.0000
1.0000
1.0000
1.0000
1.0000
1.0000
1.0000
1.0000
1.0000
1.0000
1.0000
1.0000
1.0000
1.0000
1.0000
1.0000
1.0000
1.0000
1.0000
1.0000
1.0000
1.0000
1.0000
1.0000
1.0000
1.0000
1.0000
1.0000
1.0000
1.0000
1.0000
1.0000
1.0000
1.0000
1.0000
1.0000
1.0000
1.0000
1.0000
1.0000
1.0000
1.0000
1.0000
1.0000
1.0000
1.0000
1.0000
1.0000
1.0000
1.0000
1.0000
1.0000
1.0000
1.0000
1.0000
1.0000
1.0000
1.0000
1.0000
1.0000
1.0000
1.0000
1.0000
1.0000
1.0000
1.0000
1.0000
1.0000
1.0000
1.0000
1.0000
1.0000
0.9993
0.9916
0.9585
0.8855
0.9413
0.9570
0.9793
1.0000
1.0000
1.0000
1.0000
