0.8462
0.8048
0.8157
0.8374
0.8463
0.8082
0.8119
0.7560
0.7318
0.6920
0.6936
0.7867
0.7754
0.7497
0.7214
0.6979
0.6808
0.6719
0.7792
0.8101
0.8395
0.8535
0.8568
0.8571
0.8571
0.8571
0.8571
0.8571
0.8571
0.8571
0.8571
0.8571
0.8571
0.8571
0.8571
0.8571
0.8571
0.8571
0.8571
0.8571
0.8571
0.8571
0.8568
0.8535
0.8395
0.8098
0.7756
0.7506
0.7314
0.7227
0.7465
0.7958
0.8362
0.8532
0.8568
0.8571
0.8571
0.8571
0.8571
0.8571
0.8571
0.8571
0.8571
0.8571
0.8571
0.8571
0.8571
0.8571
0.8571
0.8571
0.8571
0.8571
0.8571
0.8571
0.8571
0.8571
0.8571
0.8571
0.8571
0.8571
0.8571
0.8571
0.8571
0.8571
0.8571
0.8571
0.8571
0.8568
0.8538
0.8428
0.8248
0.8149
0.8248
0.8428
0.8538
0.8568
0.8571
0.8571
0.8571
0.8571
0.8571
0.8571
0.8571
0.8571
0.8571
0.8571
0.8571
0.8571
0.8571
0.8571
0.8571
0.8571
0.8571
0.8571
0.8571
0.8571
0.8571
0.8571
0.8571
0.8571
0.8571
0.8571
0.8571
0.8568
0.8538
0.8428
0.8248
0.8146
0.8214
0.8286
0.8214
0.8143
0.8214
0.8282
0.8181
0.8003
0.7920
0.7970
0.8038
0.7955
0.7756
0.7643
0.7604
0.7506
0.7465
0.7679
0.8068
0.8356
0.8359
0.8101
0.7825
0.7825
0.8105
0.8395
0.8535
0.8568
0.8571
0.8571
0.8571
0.8571
0.8571
0.8571
0.8571
0.8568
0.8533
0.8359
0.7914
0.8333
0.8333
0.8333
0.8333
0.8333
0.8333
0.8333
0.8333
0.8330
0.8295
0.8167
0.7955
0.7841
0.7955
0.8167
0.8295
0.8330
0.8333
0.8330
0.8288
0.8085
0.7567
0.8000
0.8000
0.8000
0.8000
0.8000
0.8000
0.8000
0.8000
0.8000
0.8000
0.8000
0.8000
0.8000
0.8000
0.8000
0.8000
0.8000
0.8000
0.8000
0.8000
0.8000
0.8000
0.8000
0.7996
0.7953
0.7800
0.7547
0.7409
0.7547
0.7800
0.7953
0.7996
0.8000
0.8000
0.8000
0.8000
0.8000
0.8000
0.8000
0.8000
0.8000
0.8000
0.8000
0.8000
0.8000
0.8000
0.8000
0.8000
0.8000
0.8000
0.8000
0.8000
0.8000
0.8000
0.7500
0.7500
0.7500
0.7500
0.7500
0.7500
0.7500
0.7500
0.7500
0.7500
0.7500
0.7500
0.7500
0.7500
0.7500
0.7500
0.7500
0.7500
0.7500
0.7500
0.7500
0.7500
0.7500
0.7500
0.7500
0.7500
0.7500
0.7500
0.7500
0.7500
0.7500
0.7500
0.7500
0.7500
0.7500
0.7495
0.7436
0.7192
0.5577
0.4926
0.4933
0.5616
0.6339
