0.8235
0.8164
0.8328
0.8356
0.8450
0.8680
0.8954
0.9121
0.9122
0.9079
0.9006
0.8905
0.8792
0.8669
0.8525
0.8418
0.8436
0.8595
0.8846
0.9375
0.9491
0.9453
0.9318
0.9204
0.9210
0.9262
0.9179
0.8910
0.8589
0.8382
0.8331
0.8356
0.8324
0.8315
0.8242
0.8065
0.7827
0.7667
0.7675
0.7786
0.7857
0.7826
0.7774
0.7783
0.7800
0.7723
0.7560
0.7417
0.7357
0.7360
0.7376
0.7365
0.7352
0.7401
0.7749
0.7811
0.7863
0.7974
0.8128
0.8260
0.8353
0.8420
0.8474
0.8518
0.8516
0.8456
0.8416
0.8464
0.8552
0.8613
0.8661
0.8725
0.8767
0.8731
0.8665
0.8654
0.8654
0.8578
0.8466
0.8415
0.8439
0.8511
0.8612
0.8687
0.8692
0.8663
0.8672
0.8743
0.8804
0.8893
0.8964
0.9045
0.9116
0.9123
0.9083
0.9071
0.9125
0.9226
0.9347
0.9465
0.9589
0.9731
0.9865
0.9945
0.9937
0.9827
0.9625
0.9372
0.9416
0.9316
0.9205
0.9121
0.9090
0.9094
0.9075
0.8966
0.9098
0.9094
0.9057
0.8973
0.8894
0.8856
0.8847
0.8846
0.8846
0.8846
0.8846
0.8847
0.8856
0.8849
0.8931
0.9008
0.9000
0.8891
0.8760
0.8702
0.8760
0.8902
0.9059
0.9190
0.9290
0.9358
0.9392
0.9408
0.9439
0.9480
0.9458
0.9299
0.9031
0.8760
0.8571
0.8493
0.8510
0.8560
0.8592
0.8609
0.8650
0.8742
0.8869
0.8999
0.9121
0.9207
0.9200
0.9099
0.8990
0.8952
0.8935
0.8982
0.9020
0.9029
0.9023
0.8974
0.9294
0.9375
0.9398
0.9429
0.9431
0.9318
0.9090
0.8851
0.9072
0.9154
0.9215
0.8997
0.8777
0.8565
0.8516
0.8593
0.8501
0.8350
