0.5909
0.6810
0.7401
0.7681
0.7697
0.7583
0.7510
0.7568
0.7709
0.7825
0.7866
0.7884
0.7909
0.7911
0.7908
0.7980
0.8147
0.8317
0.8433
0.8521
0.8589
0.8614
0.8580
0.8490
0.8389
0.8276
0.8228
0.8347
0.8631
0.8976
0.9224
0.9283
0.9201
0.9093
0.8987
0.8809
0.8512
0.8154
0.7848
0.7645
0.7536
0.7540
0.7691
0.7940
0.8192
0.8391
0.8511
0.8559
0.8570
0.8571
0.8571
0.8570
0.8559
0.8512
0.8405
0.8274
0.8203
0.8214
0.8226
0.8156
0.8035
0.7966
0.7988
0.8048
0.8084
0.8094
0.8095
0.8095
0.8095
0.8095
0.8095
0.8096
0.8107
0.8155
0.8263
0.8404
0.8512
0.8559
0.8570
0.8571
0.8571
0.8570
0.8559
0.8511
0.8393
0.8215
0.8048
0.7979
0.8047
0.8203
0.8334
0.8355
0.8311
0.8322
0.8416
0.8513
0.8559
0.8570
0.8571
0.8570
0.8987
0.8936
0.8812
0.8626
0.8449
0.8365
0.8388
0.8450
0.8488
0.8499
0.8500
0.8499
0.8486
0.8425
0.8262
0.8012
0.7789
0.7689
0.7662
0.7614
0.7550
0.7512
0.7502
0.7513
0.7563
0.7676
0.7825
0.7950
0.8050
0.8175
0.8324
0.8437
0.8487
0.8498
0.8487
0.8437
0.8324
0.8176
0.8063
0.8013
0.8001
0.7999
0.7986
0.7928
0.7798
0.7676
0.7705
0.7871
0.8002
0.8026
0.8011
0.7896
0.7895
0.7896
0.7908
0.7961
0.8078
0.8208
0.8211
0.7985
0.7631
0.7397
0.7382
0.7408
0.7291
0.7091
0.6974
0.6989
0.7064
0.7133
0.7170
0.7130
0.7029
0.6974
0.7055
0.7262
0.7546
0.7778
0.7846
0.7972
0.8124
0.8194
0.8124
0.7971
0.7833
0.7587
0.7429
0.7221
0.7059
0.7048
0.7174
0.7341
0.7485
0.7586
0.7633
0.7644
0.7633
0.7588
0.7514
0.7472
0.7500
0.7528
0.7486
0.7413
0.7382
0.7428
0.7557
0.7702
0.7607
0.7996
0.7968
0.7851
0.8176
0.7831
0.7701
0.7771
0.7902
0.7897
0.8059
0.8448
0.8923
0.9429
