0.9231
0.9046
0.8850
0.8639
0.8529
0.8559
0.8585
0.8542
0.8504
0.8580
0.8752
0.8941
0.9099
0.9231
0.9354
0.9413
0.9297
0.9180
0.9089
0.8981
0.8792
0.8595
0.8523
0.8565
0.8598
0.8565
0.8523
0.8593
0.8771
0.8886
0.8835
0.8664
0.8376
0.8673
0.8681
0.8769
0.8877
0.8880
0.8802
0.8806
0.8889
0.8889
0.8889
0.8889
0.8889
0.8889
0.8889
0.8889
0.8886
0.8863
0.8775
0.8611
0.8449
0.8383
0.8424
0.8500
0.8523
0.8535
0.8635
0.8778
0.8863
0.8886
0.8889
0.8889
0.8889
0.8886
0.8861
0.8749
0.8497
0.8169
0.7917
0.7806
0.7778
0.7752
0.7667
0.7523
0.7424
0.7415
0.7415
0.7424
0.7523
0.7667
0.7752
0.7775
0.7778
0.7778
0.7778
0.7778
0.7778
0.7778
0.7778
0.7778
0.7778
0.7778
0.7778
0.7778
0.7778
0.7778
0.7778
0.7778
0.7778
0.7773
0.7726
0.7555
0.7274
0.7121
0.7274
0.8500
0.8692
0.8745
0.8750
0.8750
0.8750
0.8747
0.8716
0.8564
0.8175
0.8571
0.8571
0.8571
0.8571
0.8571
0.8568
0.8535
0.8392
0.8068
0.7646
0.7322
0.7179
0.7146
0.7143
0.7143
0.7143
0.7143
0.7143
0.7143
0.7143
0.6667
0.6667
0.6667
0.6667
0.6667
0.6667
0.6667
0.6667
0.6670
0.6705
0.6837
0.7087
0.7368
0.7632
0.7913
0.8163
0.8295
0.8330
0.8333
0.8333
0.8333
0.8333
0.8333
0.8333
0.8333
0.8333
0.8333
0.8333
0.8333
0.8333
0.8333
0.8333
0.8333
0.8333
0.8333
0.8333
0.8333
0.8333
0.8333
0.8333
0.8333
0.8333
0.8333
0.8333
0.8333
0.8333
0.8333
0.8333
0.8333
0.8333
0.8333
0.8333
0.8333
0.8333
0.8333
0.8333
0.8333
0.8333
0.8333
0.8333
0.8333
0.8333
0.8333
0.8333
0.8333
0.8333
0.8333
0.8333
0.8333
0.8333
0.8333
0.8333
0.8333
0.8333
0.8333
0.8333
0.8333
0.8333
0.8333
0.8333
0.8333
0.8333
0.8333
0.8333
0.8333
0.8333
0.8333
0.8333
0.8333
0.8333
0.8333
0.8333
0.8333
0.8333
0.8333
0.8333
0.8333
0.8333
0.8333
0.8333
0.8333
0.8333
0.8333
0.8333
0.8333
0.8333
0.8333
0.8333
0.8333
0.8333
0.8333
0.8333
0.8333
0.8333
0.8333
0.8333
0.8333
0.8333
0.8333
0.8333
0.8333
0.8333
0.8333
0.8333
0.8333
0.8333
0.8333
0.8333
0.8333
0.8333
0.8333
0.8333
0.8333
0.8333
0.8333
0.8333
0.8333
0.8333
0.8333
0.8333
0.8333
0.8333
0.8333
0.8333
0.8333
0.8333
0.8333
0.8333
0.8333
0.8333
0.8333
0.8333
0.8333
0.8333
0.8333
0.8333
0.8333
0.8333
0.8333
0.8333
0.8333
0.8330
0.8295
0.8167
0.7955
0.7841
0.7955
0.8167
0.8295
0.8330
0.8333
0.8333
0.8333
0.8333
0.8333
0.8333
0.8333
0.8333
0.8333
0.8333
0.8333
0.8333
0.8333
0.8000
0.8000
0.8000
0.8000
0.8000
0.8000
0.8000
0.8000
0.8000
0.8000
0.8000
0.8000
0.8000
0.8000
0.8000
0.8000
0.8000
0.8000
0.8000
0.8000
0.8000
0.8000
0.8000
0.8000
0.8000
0.8000
0.8000
0.8000
0.8000
0.8000
0.8000
0.8000
0.8000
0.8000
0.8000
0.8000
0.8000
0.8000
0.8000
0.8000
0.8000
0.8000
0.8000
0.8000
0.8000
0.8000
0.8000
0.8000
0.8000
0.8000
0.8000
0.8000
0.8000
0.8000
0.8000
0.8000
0.8000
0.8000
0.8000
0.8000
0.8000
0.8000
0.8000
0.8000
0.8000
0.8000
0.8000
0.8000
0.8000
0.8000
0.8000
0.8000
0.8000
0.8000
0.8000
0.8000
0.8000
0.8000
0.8000
0.8000
0.8000
0.8000
0.8000
0.8000
0.8000
0.8000
0.8000
0.8000
0.8000
0.8000
0.8000
0.8000
0.8000
0.8000
0.8000
0.8000
0.8000
0.8000
0.8000
0.8000
0.8000
0.8000
0.8000
0.8000
0.8000
0.8000
0.8000
0.8000
0.8000
0.8000
0.8000
0.8000
0.8000
0.8000
0.8000
0.8000
0.8000
0.8000
0.8000
0.8000
0.8000
0.7996
0.7953
0.7800
0.7542
0.7359
0.7272
0.6914
0.7500
0.7500
0.7500
0.7500
0.7500
0.7500
0.7500
0.7500
0.7500
0.7500
0.7500
0.7500
0.7500
0.7500
0.7500
0.7500
0.7495
0.7436
0.7192
0.6683
0.6190
0.6176
0.6674
