0.9615
0.9259
0.9397
0.9338
0.9203
0.9018
0.8767
0.8633
0.8598
0.8616
0.8836
0.9083
0.9248
0.9315
0.9316
0.9265
0.9167
0.9002
0.8945
0.8932
0.8945
0.9000
0.9089
0.9127
0.9057
0.8984
0.9003
0.9056
0.9154
0.9213
0.9229
0.9165
0.9145
0.9062
0.8873
0.8627
0.8438
0.8355
0.8335
0.8333
0.8333
0.8335
0.8355
0.8438
0.8627
0.8873
0.9062
0.9145
0.9165
0.9167
0.9167
0.9089
0.9070
0.9000
0.8885
0.8822
0.8885
0.9000
0.9070
0.9089
0.9091
0.9091
0.9091
0.9091
0.9091
0.9091
0.9091
0.9091
0.9091
0.9091
0.9091
0.9091
0.9091
0.9091
0.9091
0.9091
0.9091
0.9091
0.9091
0.9091
0.9091
0.9091
0.9091
0.9089
0.9068
0.8979
0.8792
0.8595
0.8525
0.8570
0.8431
0.7154
