1.0000
0.9187
0.8714
0.8515
0.8502
0.8484
0.8457
0.8546
0.8693
0.8792
0.8805
0.8802
0.8840
0.8916
0.8982
0.9003
0.8974
0.8896
0.8795
0.8765
0.8862
0.8993
0.9053
0.9015
0.8908
0.8809
0.8783
0.8796
0.8778
0.8733
0.8694
0.8666
0.8624
0.8679
0.8773
0.8793
0.8647
0.8508
0.8482
0.8541
0.8562
0.8512
0.8463
0.8459
0.8574
0.8681
0.8726
0.8739
0.8706
0.8688
0.8676
0.8700
0.8762
0.8850
0.8925
0.8898
0.8744
0.8577
0.8525
0.8602
0.8744
0.8874
0.8931
0.8904
0.8801
0.8719
0.8641
0.8590
0.8605
0.8665
0.8631
0.8634
0.8634
0.8622
0.8465
0.8440
0.8432
0.8492
0.8622
0.8555
0.8320
0.8364
0.8127
0.7966
0.7863
0.8390
0.8283
0.8151
0.7987
