0.8824
0.8871
0.8776
0.8597
0.8739
0.8716
0.9044
0.9241
0.9409
0.9485
0.9482
0.9444
0.9428
0.9459
0.9550
0.9624
0.9650
0.9625
0.9558
0.9492
0.9485
0.9524
0.9550
0.9545
0.9576
0.9621
0.9646
0.9646
0.9619
0.9560
0.9475
0.9377
0.9287
0.9233
0.9206
0.9200
0.9223
0.9233
0.9190
0.9129
0.9121
0.9146
0.9105
0.8937
0.9103
0.9192
0.9222
0.9230
0.9231
0.9232
0.9241
0.9277
0.9348
0.9392
0.9335
0.9204
0.9103
0.9078
0.9079
0.9026
0.8925
0.8832
0.8887
0.8984
0.9060
0.9114
0.9152
0.9239
0.9259
0.9143
0.9076
0.9064
0.9055
0.9046
0.9015
0.8929
0.8817
0.8755
0.8835
0.9061
0.9268
0.9319
0.9197
0.9283
0.9080
0.8853
0.8705
0.8651
0.8660
0.8750
0.8957
0.9225
0.9432
0.9533
0.9590
0.9660
0.9736
0.9798
0.9839
0.9840
0.9809
0.9780
0.9752
0.9670
0.9510
0.9344
0.9272
0.9284
0.9311
0.9339
0.9422
0.9592
0.9792
0.9922
0.9941
0.9885
0.9819
0.9783
0.9775
0.9783
0.9819
0.9886
0.9954
0.9989
0.9999
0.9999
0.9989
0.9953
0.9893
0.9817
0.9684
0.9236
0.8696
0.8089
0.7571
0.7317
0.7696
0.8406
0.8104
