0.9583
0.9318
0.9047
0.8931
0.8893
0.8863
0.8791
0.8691
0.8670
0.8761
0.8926
0.9029
0.9065
0.9060
0.9012
0.8944
0.8928
0.8977
0.9011
0.8966
0.8872
0.8783
0.8712
0.8643
0.8682
0.8801
0.8903
0.8897
0.8824
0.8802
0.8886
0.9035
0.9188
0.9299
0.9346
0.9357
0.9369
0.9362
0.9307
0.9204
0.9114
0.9033
0.8976
0.8976
0.9043
0.9106
0.9082
0.8989
0.8887
0.8805
0.8756
0.8751
0.8780
0.8785
0.8805
0.8816
0.8845
0.8923
0.9048
0.9172
0.9249
0.9268
0.9229
0.9127
0.8976
0.8849
0.8828
0.8896
0.8965
0.9032
0.9127
0.9204
0.9219
0.9202
0.9172
0.9100
0.9002
0.8952
0.8970
0.8995
0.8988
0.8977
0.8994
0.9024
0.9041
0.9035
0.8988
0.8884
0.8752
0.8638
0.8552
0.8518
0.8555
0.8687
0.8681
0.8598
0.8489
0.8418
0.8407
0.8439
0.8480
0.8513
0.8532
0.8523
0.8507
0.8514
0.8510
0.8458
0.8414
0.8427
0.8442
0.8374
0.8235
0.8161
0.8219
0.8281
0.8199
0.8122
0.8117
0.8171
0.8241
0.8313
0.8383
0.8464
0.8567
0.8642
0.8628
0.8535
0.8453
0.8434
0.8443
0.8465
0.8516
0.8579
0.8622
0.8632
0.8630
0.8633
0.8628
0.8605
0.8575
0.8552
0.8553
0.8581
0.8636
0.8705
0.8735
0.8680
0.8577
0.8499
0.8457
0.8411
0.8345
0.8310
0.8345
0.8404
0.8418
0.8376
0.8321
0.8289
0.8261
0.8200
0.8135
0.8120
0.8162
0.8217
0.8243
0.8251
0.8274
0.8301
0.8296
0.8147
0.7989
0.7773
0.7595
0.7555
0.7617
0.7903
0.7960
0.7809
0.8013
0.8184
0.8400
0.8479
