0.7857
0.7619
0.7805
0.8133
0.8426
0.8634
0.9516
0.9649
0.9788
0.9894
0.9876
0.9703
0.9439
0.9093
0.8817
0.8620
0.8637
0.8885
0.9185
0.9334
0.9272
0.9066
0.8769
0.8392
0.8001
0.7751
0.7802
0.8114
0.8452
0.8685
0.8860
0.8998
0.9070
0.9087
0.9068
0.8979
0.8794
0.8616
0.8614
0.8769
0.8846
0.8680
0.8408
0.8350
0.8607
0.8958
0.9162
0.9147
0.9005
0.8862
0.8412
0.8143
0.7887
0.7671
0.7443
0.7309
0.7449
0.7743
0.7895
0.7889
0.7941
0.8172
0.8497
0.8749
0.8861
0.8884
0.8858
0.8726
0.8415
0.8057
0.7980
0.8271
0.8615
0.8721
0.8602
0.8424
0.8308
0.8099
0.7743
0.7446
0.7347
0.7433
0.7599
0.7778
0.7840
0.7658
0.7339
0.7131
0.7094
0.7091
0.7102
0.7214
0.7375
0.7471
0.7497
0.7500
0.7500
0.7500
0.7500
0.7500
0.7500
0.7500
0.7500
0.7500
0.7500
0.7500
0.7500
0.7500
0.7497
0.7471
0.7375
0.7217
0.7131
0.7217
0.7375
0.7471
0.7497
0.7500
0.7500
0.7503
0.7529
0.7625
0.7783
0.7869
0.7786
0.7657
0.7686
0.7943
0.8310
0.8590
0.8686
0.8590
0.8310
0.7940
0.7657
0.7532
0.7503
0.7500
0.7500
0.7503
0.7532
0.7657
0.7938
0.8281
0.8465
0.8406
0.8253
0.8183
0.8256
0.8438
0.8622
0.8721
0.8747
0.8750
0.8750
0.8750
0.8750
0.8750
0.8750
0.8750
0.8750
0.8750
0.8750
0.8750
0.8750
0.8750
0.8750
0.8750
0.8750
0.8750
0.8750
0.8750
0.8750
0.8750
0.8750
0.8750
0.8750
0.8750
0.8750
0.8750
0.8750
0.8750
0.8750
0.8750
0.8750
0.8750
0.8750
0.8750
0.8750
0.8750
0.8750
0.8750
0.8750
0.8747
0.8718
0.8596
0.8341
0.8097
0.8097
0.8341
0.8596
0.8715
0.8718
0.8622
0.8438
0.8256
0.8180
0.8224
0.8281
0.8182
0.7911
0.7657
0.7564
0.7660
0.7940
0.8310
0.8593
0.8718
0.8747
0.8747
0.8718
0.8596
0.8341
0.8097
0.8097
0.8341
0.8596
0.8718
0.8747
0.8750
0.8750
0.8750
0.8750
0.8750
0.8750
0.8750
0.8747
0.8718
0.8596
0.8341
0.8097
0.8097
0.8341
0.8596
0.8718
0.8747
0.8750
0.8750
0.8750
0.8750
0.8750
0.8750
0.8750
0.8750
0.8750
0.8750
0.8750
0.8750
0.8750
0.8750
0.8750
0.8750
0.8750
0.8750
0.8750
0.8750
0.8750
0.8750
0.8750
0.8750
0.8750
0.8750
0.8750
0.8750
0.8750
0.8750
0.8750
0.8750
0.8750
0.8750
0.8750
0.8750
0.8750
0.8750
0.8750
0.8750
0.8750
0.8750
0.8750
0.8750
0.8750
0.8750
0.8750
0.8750
0.8750
0.8750
0.8750
0.8750
0.8750
0.8750
0.8750
0.8750
0.8750
0.8750
0.8750
0.8750
0.8750
0.8750
0.8750
0.8750
0.8750
0.8750
0.8750
0.8750
0.8750
0.8750
0.8750
0.8750
0.8750
0.8750
0.8750
0.8750
0.8750
0.8750
0.8750
0.8750
0.8750
0.8750
0.8750
0.8750
0.8750
0.8750
0.8750
0.8750
0.8750
0.8750
0.8750
0.8750
0.8750
0.8750
0.8750
0.8750
0.8750
0.8750
0.8750
0.8750
0.8750
0.8750
0.8750
0.8750
0.8750
0.8750
0.8750
0.8750
0.8750
0.8750
0.8750
0.8750
0.8750
0.8750
0.8750
0.8750
0.8750
0.8750
0.8750
0.8750
0.8750
0.8750
0.8750
0.8750
0.8750
0.8750
0.8750
0.8750
0.8750
0.8750
0.8750
0.8750
0.8750
0.8750
0.8750
0.8750
0.8750
0.8750
0.8750
0.8750
0.8750
0.8750
0.8750
0.8750
0.8750
0.8750
0.8750
0.8750
0.8750
0.8750
0.8750
0.8750
0.8750
0.8750
0.8750
0.8750
0.8750
0.8750
0.8750
0.8750
0.8750
0.8750
0.8750
0.8750
0.8750
0.8750
0.8750
0.8750
0.8750
0.8750
0.8750
0.8750
0.8750
0.8750
0.8750
0.8750
0.8750
0.8750
0.8750
0.8750
0.8750
0.8750
0.8750
0.8747
0.8535
0.8395
0.7785
0.7424
0.7296
0.7407
0.7593
0.7707
0.7142
0.6909
0.6951
0.7346
0.7753
0.7949
0.7991
0.7946
0.7702
0.7080
