0.9048
0.9041
0.9048
0.9068
0.9058
0.8963
0.8849
0.8814
0.9023
0.9233
0.9375
0.9336
0.9363
0.9544
0.9677
0.9582
0.9778
0.9658
0.9611
0.9654
0.9737
0.9828
0.9872
0.9829
0.9751
0.9715
0.9738
0.9781
0.9794
0.9799
0.9842
0.9875
0.9844
0.9814
0.9858
0.9936
0.9970
0.9920
0.9780
0.9595
0.9453
0.9391
0.9376
0.9375
0.9374
0.9360
0.9312
0.9232
0.9174
0.9153
0.9075
0.8863
0.8546
0.8235
0.8099
0.8218
0.8453
0.8580
0.8528
0.8420
0.8393
0.8406
0.8324
0.8193
0.8140
0.8121
0.8072
0.8075
0.8219
0.8488
0.8777
0.8971
0.9057
0.9095
0.9079
0.8964
0.8832
0.8811
0.8811
0.8674
0.8483
0.8422
0.8469
0.8453
0.8329
0.8203
0.8157
0.8205
0.8345
0.8530
0.8672
0.8734
0.8749
0.8750
0.8750
0.8750
0.8750
0.8750
0.8667
0.8667
0.8667
0.8667
0.8667
0.8667
0.8667
0.8667
0.8667
0.8667
0.8667
0.8667
0.8667
0.8667
0.8665
0.8651
0.8600
0.8516
0.8470
0.8516
0.8598
0.8636
0.8598
0.8514
0.8454
0.8449
0.8447
0.8436
0.8415
0.8298
0.8068
0.7885
0.7866
0.7935
0.7984
0.7999
0.8000
0.8000
0.8000
0.7999
0.7986
0.7950
0.7933
0.8038
0.8281
0.8515
0.8619
0.8597
0.8514
0.8453
0.8433
0.8382
0.8303
0.8317
0.8449
0.8584
0.8648
0.8650
0.8598
0.8500
0.8289
0.8249
0.8307
0.8484
0.8768
0.9106
0.9428
0.9639
0.9639
0.9386
0.9056
0.8770
0.8638
0.8673
0.8768
0.8810
0.8762
0.8618
0.8388
0.8144
0.8068
0.8209
