0.9144
0.9010
0.8990
0.9069
0.9190
0.9318
0.9395
0.9419
0.9406
0.9435
0.9407
0.9364
0.9345
0.9379
0.9416
0.9472
0.9505
0.9561
0.9553
0.9573
0.9629
0.9636
0.9655
0.9677
0.9689
0.9686
0.9721
0.9724
0.9717
0.9712
0.9716
0.9727
0.9742
0.9755
0.9744
0.9722
0.9694
0.9658
0.9629
0.9652
0.9668
0.9695
0.9718
0.9731
0.9732
0.9726
0.9719
0.9718
0.9697
0.9675
0.9671
0.9692
0.9717
0.9725
0.9722
0.9715
0.9694
0.9671
0.9687
0.9661
0.9702
0.9720
0.9737
0.9739
0.9745
0.9731
0.9687
0.9651
0.9494
0.9270
0.9176
0.9027
0.8796
0.8755
0.8593
0.8474
0.8651
0.8671
0.8918
0.8906
0.8968
