0.9062
0.9016
0.9104
0.9277
0.9378
0.9320
0.9239
0.9234
0.9130
0.9011
0.8873
0.8707
0.8416
0.8483
0.8496
0.8555
0.8564
0.8550
0.8543
0.8550
0.8575
0.8603
0.8601
0.8556
0.8477
0.8397
0.8409
0.8497
0.8686
0.8750
0.8660
0.8556
0.8577
0.8684
0.8752
0.8783
0.8858
0.8978
0.9076
0.9119
0.9129
0.9130
0.9130
0.9130
0.9130
0.9130
0.9129
0.9120
0.9087
0.9031
0.8991
0.8978
0.8945
0.8893
0.8902
0.8988
0.9077
0.9119
0.9129
0.9129
0.9120
0.9087
0.9032
0.9002
0.9032
0.9087
0.9120
0.9129
0.9130
0.9130
0.9130
0.9130
0.9130
0.9130
0.9130
0.9130
0.9130
0.9091
0.9091
0.9091
0.9091
0.9091
0.9091
0.9091
0.9091
0.9091
0.9091
0.9091
0.9090
0.9080
0.9045
0.8988
0.8957
0.8988
0.9045
0.9080
0.9090
0.9091
0.9091
0.9091
0.9090
0.9080
0.9044
0.8977
0.8911
0.8885
0.8911
0.8977
0.9044
0.9080
0.9089
0.9080
0.9045
0.8988
0.8956
0.8977
0.8952
0.8929
0.9351
0.9387
0.9450
0.9487
0.9487
0.9450
0.9387
0.9352
0.9387
0.9450
0.9487
0.9487
0.9450
0.9387
0.9352
0.9387
0.9450
0.9488
0.9499
0.9500
0.9500
0.9498
0.9477
0.9402
0.9289
0.9255
0.9354
0.9420
0.9448
0.9408
0.9302
0.9199
0.9199
0.9302
0.9409
0.9460
0.9473
0.9474
0.9474
0.9474
0.9473
0.9460
0.9409
0.9302
0.9199
0.9199
0.9302
0.9409
0.9436
