0.7143
0.7861
0.8342
0.8554
0.8497
0.8283
0.8104
0.8372
0.8594
0.8776
0.8805
0.8760
0.8796
0.8917
0.9028
0.9103
0.9174
0.9258
0.9324
0.9286
0.9135
0.8848
0.8632
0.8520
0.8471
0.8444
0.8477
0.8624
0.8860
0.9077
0.9212
0.9298
0.9368
0.9430
0.9480
0.9470
0.9369
0.9272
0.9299
0.9410
0.9451
0.9357
0.9222
0.9160
0.9169
0.9182
0.9159
0.9109
0.9082
0.9109
0.9160
0.9191
0.9200
0.9209
0.9240
0.9292
0.9327
0.9332
0.9340
0.9367
0.9373
0.9316
0.9190
0.9033
0.8897
0.8833
0.8881
0.8979
0.9011
0.8979
0.8981
0.9028
0.9051
0.9034
0.9034
0.9079
0.9114
0.9020
0.8897
0.8802
0.8762
0.8761
0.8793
0.8854
0.8915
0.8940
0.8925
0.8906
0.8929
0.8978
0.8979
0.8938
0.8948
0.9030
0.9115
0.9156
0.9165
0.9155
0.9105
0.8978
0.8802
0.8679
0.8668
0.8729
0.8825
0.8948
0.9038
0.9033
0.8957
0.8864
0.8794
0.8768
0.8784
0.8813
0.8832
0.8879
0.9019
0.9229
0.9416
0.9520
0.9530
0.9477
0.9408
0.9341
0.9262
0.9168
0.9082
0.9044
0.9071
0.9114
0.9104
0.9008
0.8844
0.8657
0.8512
0.8491
0.8637
0.8864
0.9020
0.9051
0.9041
0.9062
0.9074
0.9021
0.8948
0.8949
0.9030
0.9115
0.9157
0.9141
0.9185
0.9284
0.9412
0.9511
0.9554
0.9564
0.9565
0.9565
0.9565
0.9565
0.9565
0.9565
0.9565
0.9565
0.9565
0.9565
0.9565
0.9565
0.9565
0.9565
0.9565
0.9565
0.9565
0.9565
0.9565
0.9565
0.9563
0.9544
0.9467
0.9313
0.9155
0.9086
0.9098
0.9121
0.9129
0.9129
0.9119
0.9077
0.8988
0.8903
0.8903
0.8987
0.9066
0.9065
0.8975
0.8839
0.8706
0.8596
0.8503
0.8400
0.8271
0.8166
0.8118
0.8065
0.7969
0.7881
0.7848
0.7881
0.7968
0.8053
0.8054
0.7978
0.7923
0.7935
0.7945
0.7871
0.7724
0.7898
0.8023
0.8125
0.8170
0.8181
0.8182
0.8182
0.8182
0.8182
0.8182
0.8183
0.8192
0.8227
0.8285
0.8316
0.8285
0.8227
0.8192
0.8183
0.8182
0.8183
0.8192
0.8228
0.8296
0.8373
0.8444
0.8511
0.8544
0.8523
0.8501
0.8533
0.8591
0.8625
0.8624
0.8579
0.8476
0.8342
0.8239
0.8193
0.8183
0.8182
0.8181
0.8171
0.8136
0.8079
0.8047
0.8067
0.8080
0.8023
0.7943
0.7944
0.8033
0.8125
0.8160
0.8134
0.8068
0.8002
0.7977
0.8014
0.8120
0.8262
0.8298
0.8383
0.8511
0.8690
0.8869
0.8986
0.9023
0.8988
0.8891
0.9226
0.9133
0.9116
0.9016
0.8946
0.8916
0.8959
0.9070
0.9180
0.9193
0.9140
0.9153
0.9263
0.9376
0.9430
0.9443
0.9443
0.9432
0.9389
0.9318
0.9280
0.9318
0.9386
0.9402
0.9292
0.9012
0.8668
0.8504
0.8595
0.8766
0.8862
0.8886
0.8889
0.8890
0.8902
0.8944
0.9016
0.9066
0.9070
0.9068
0.9034
0.8835
0.8356
0.7645
0.6971
0.6982
0.6955
0.7506
0.7403
