0.9630
0.9398
0.9327
0.9303
0.9152
0.8766
0.8178
0.7783
0.7879
0.8174
0.8411
0.8508
0.8477
0.8483
0.9029
0.9003
0.8843
0.9070
0.8927
0.8772
0.8710
0.8680
0.8629
0.8603
0.8644
0.8733
0.8782
0.8735
0.8558
0.8574
0.8715
0.8862
0.8844
0.8616
0.8285
0.7985
0.7810
0.7808
0.7965
0.8191
0.8229
0.8312
0.8332
0.8333
0.8333
0.8333
0.8333
0.8330
0.8295
0.8168
0.7977
0.7945
0.8249
0.8706
0.9023
0.9064
0.9089
0.9091
0.9091
0.9091
0.9091
0.9089
0.9072
0.8923
0.8876
0.8954
0.9169
0.9351
0.9347
0.9124
0.8775
0.8499
0.8283
0.8386
0.8360
0.8138
0.7887
0.7667
0.7389
0.7058
0.6811
0.6751
0.6948
0.7449
0.8109
0.8638
0.8972
0.9275
0.9606
0.9835
0.9871
0.9717
0.9631
0.9717
0.9875
0.9971
0.9997
1.0000
1.0000
0.9997
0.9968
0.9846
0.9591
0.9344
0.9315
0.9435
0.9406
0.9159
0.8904
0.8782
0.8753
0.8750
0.8750
0.8750
0.8750
1.0000
1.0000
1.0000
1.0000
1.0000
1.0000
1.0000
1.0000
1.0000
1.0000
1.0000
1.0000
1.0000
1.0000
1.0000
1.0000
1.0000
1.0000
1.0000
1.0000
1.0000
1.0000
1.0000
1.0000
1.0000
1.0000
1.0000
0.9997
0.9964
0.9824
0.9530
0.9221
0.9108
0.9173
0.9222
0.9137
0.8932
0.8754
0.8784
0.9078
0.9497
0.9821
0.9964
0.9997
1.0000
1.0000
1.0000
0.9996
0.9958
0.9791
0.9413
0.8920
0.8543
0.8376
0.8337
0.8333
0.8333
0.8333
0.8333
0.8333
0.8333
0.8333
0.8333
0.8337
0.8372
0.8500
0.8453
0.8591
0.8453
0.8200
0.8047
0.8004
0.8000
0.8000
0.8004
0.8051
0.8251
0.8705
0.9295
0.9686
0.9931
0.9931
0.9686
0.9119
0.8386
0.7877
0.7877
0.8386
0.9119
0.9686
0.9936
0.9995
1.0000
1.0000
1.0000
1.0000
1.0000
1.0000
1.0000
1.0000
1.0000
1.0000
1.0000
1.0000
1.0000
1.0000
1.0000
1.0000
1.0000
1.0000
1.0000
1.0000
1.0000
1.0000
1.0000
1.0000
1.0000
1.0000
1.0000
1.0000
1.0000
1.0000
0.9993
0.9909
0.9504
0.8467
1.0000
1.0000
1.0000
1.0000
1.0000
1.0000
1.0000
1.0000
1.0000
1.0000
1.0000
1.0000
1.0000
