1.0000
1.0000
1.0000
0.9998
0.9981
0.9915
0.9792
0.9670
0.9622
0.9670
0.9792
0.9915
0.9981
0.9998
0.9998
0.9979
0.9897
0.9728
0.9565
0.9563
0.9708
0.9814
0.9790
0.9752
0.9811
0.9917
0.9979
0.9979
0.9917
0.9811
0.9754
0.9807
0.9876
0.9794
0.9537
0.9319
0.9376
0.9644
0.9878
0.9975
0.9977
0.9894
0.9687
0.9377
0.9082
0.8940
0.8957
0.9797
0.9680
0.9502
0.9432
0.9474
0.9505
0.9451
0.9320
0.9203
0.9182
0.9210
0.9158
0.9002
0.9648
0.9671
0.9681
0.9771
0.9898
0.9951
0.9874
0.9673
0.9478
0.9476
0.9650
0.9780
0.9778
0.9802
0.9974
0.9889
0.9748
0.9667
0.9696
0.9664
0.9442
0.9201
0.9105
0.9060
0.9005
0.9052
0.9283
0.9609
0.9861
0.9969
0.9969
0.9861
0.9609
0.9283
0.9057
0.9057
0.9283
0.9609
0.9861
0.9981
1.0000
1.0000
1.0000
0.9997
0.9961
0.9791
0.9387
0.8897
0.8689
0.8885
0.9259
0.9603
0.9814
0.9791
0.9530
0.9254
0.9248
0.9467
0.9538
0.9313
0.9116
0.9176
0.9247
0.9198
0.9122
0.9417
0.9628
0.9580
0.9504
0.9618
0.9794
0.9791
0.9572
0.9263
0.8911
0.8585
0.8598
0.9074
0.9628
0.9919
0.9993
1.0000
1.0000
1.0000
0.9996
0.9961
0.9830
0.9583
0.9350
0.9314
0.9535
0.9953
0.9800
0.9547
0.9409
0.9547
0.9800
0.9953
0.9996
1.0000
1.0000
1.0000
1.0000
1.0000
1.0000
1.0000
1.0000
1.0000
1.0000
1.0000
1.0000
1.0000
1.0000
1.0000
1.0000
1.0000
1.0000
1.0000
1.0000
1.0000
1.0000
1.0000
1.0000
1.0000
1.0000
1.0000
1.0000
1.0000
1.0000
1.0000
1.0000
1.0000
1.0000
1.0000
1.0000
1.0000
1.0000
1.0000
1.0000
1.0000
1.0000
1.0000
1.0000
1.0000
1.0000
1.0000
1.0000
1.0000
1.0000
1.0000
1.0000
1.0000
1.0000
1.0000
1.0000
1.0000
1.0000
0.9995
0.9936
0.9692
0.9183
0.8694
0.8694
0.9183
0.9692
0.9936
0.9995
1.0000
1.0000
1.0000
1.0000
1.0000
1.0000
0.9995
0.9942
0.9750
0.9433
0.9261
0.9433
0.9750
0.9942
0.9995
1.0000
1.0000
1.0000
1.0000
1.0000
1.0000
1.0000
1.0000
1.0000
1.0000
1.0000
1.0000
1.0000
1.0000
1.0000
1.0000
1.0000
1.0000
1.0000
1.0000
1.0000
1.0000
1.0000
1.0000
1.0000
1.0000
1.0000
1.0000
1.0000
1.0000
1.0000
1.0000
1.0000
1.0000
1.0000
1.0000
1.0000
1.0000
1.0000
1.0000
1.0000
1.0000
1.0000
1.0000
1.0000
1.0000
1.0000
1.0000
1.0000
1.0000
1.0000
1.0000
1.0000
1.0000
1.0000
1.0000
1.0000
1.0000
1.0000
1.0000
1.0000
1.0000
1.0000
1.0000
1.0000
1.0000
1.0000
1.0000
1.0000
1.0000
1.0000
1.0000
1.0000
1.0000
1.0000
1.0000
1.0000
1.0000
1.0000
1.0000
1.0000
1.0000
1.0000
1.0000
1.0000
1.0000
1.0000
1.0000
1.0000
1.0000
1.0000
1.0000
1.0000
1.0000
1.0000
1.0000
1.0000
1.0000
1.0000
1.0000
1.0000
1.0000
1.0000
1.0000
1.0000
1.0000
1.0000
1.0000
1.0000
1.0000
1.0000
1.0000
1.0000
1.0000
1.0000
1.0000
1.0000
1.0000
1.0000
1.0000
1.0000
1.0000
1.0000
1.0000
1.0000
1.0000
0.9993
0.9922
0.9666
0.9244
0.9015
0.9237
0.9582
0.9511
0.8903
0.8259
0.8259
0.8911
0.9589
0.9915
0.9993
1.0000
1.0000
1.0000
1.0000
1.0000
1.0000
1.0000
1.0000
1.0000
1.0000
1.0000
1.0000
1.0000
1.0000
1.0000
1.0000
1.0000
1.0000
1.0000
1.0000
1.0000
0.9993
0.9922
0.9666
0.9244
0.9015
0.9244
0.9666
0.9922
0.9993
1.0000
1.0000
1.0000
1.0000
0.9993
0.9922
0.9666
0.9244
0.9015
0.9244
0.9666
0.9922
0.9993
1.0000
0.9993
0.9922
0.9666
0.9244
0.9015
0.9244
0.9666
0.9922
0.9993
1.0000
1.0000
1.0000
1.0000
1.0000
1.0000
1.0000
1.0000
1.0000
1.0000
1.0000
1.0000
1.0000
1.0000
1.0000
1.0000
1.0000
1.0000
1.0000
1.0000
1.0000
1.0000
1.0000
1.0000
1.0000
1.0000
0.9993
0.9922
0.9666
0.9244
0.9015
0.9244
0.9659
0.9845
0.9659
0.9244
0.9015
0.9244
0.9666
0.9915
0.9908
0.9589
0.8911
0.8259
0.8259
0.8911
0.9589
0.9915
0.9993
1.0000
0.9993
0.9922
0.9666
0.9244
0.9015
0.9244
0.9666
0.9922
0.9993
1.0000
1.0000
1.0000
1.0000
1.0000
1.0000
1.0000
1.0000
1.0000
1.0000
1.0000
1.0000
1.0000
1.0000
1.0000
1.0000
1.0000
1.0000
1.0000
1.0000
1.0000
1.0000
1.0000
1.0000
1.0000
1.0000
1.0000
1.0000
1.0000
1.0000
1.0000
1.0000
1.0000
1.0000
0.9989
0.9884
0.9500
0.8866
0.8523
0.8866
0.9500
0.9884
0.9989
1.0000
1.0000
1.0000
1.0000
1.0000
1.0000
1.0000
1.0000
1.0000
1.0000
1.0000
1.0000
1.0000
1.0000
0.9989
0.9884
0.9500
0.8866
0.8523
0.8866
0.9500
0.9884
0.9989
1.0000
1.0000
1.0000
1.0000
1.0000
1.0000
1.0000
1.0000
1.0000
1.0000
1.0000
1.0000
1.0000
1.0000
1.0000
1.0000
1.0000
1.0000
1.0000
1.0000
1.0000
1.0000
1.0000
1.0000
1.0000
1.0000
1.0000
1.0000
0.9989
0.9884
0.9500
0.8866
0.8523
0.8866
0.9500
0.9884
0.9989
1.0000
1.0000
1.0000
1.0000
1.0000
1.0000
1.0000
1.0000
1.0000
0.9989
0.9884
0.9500
0.8866
0.7045
0.7733
0.8999
0.9767
0.9978
1.0000
1.0000
1.0000
1.0000
1.0000
1.0000
1.0000
1.0000
1.0000
1.0000
1.0000
1.0000
1.0000
1.0000
1.0000
1.0000
1.0000
