0.8889
0.8248
0.7937
0.7739
0.7872
0.7528
0.7263
0.7003
0.6735
0.6953
0.6830
0.6733
0.6677
0.6685
0.6735
0.6836
0.7014
0.7235
0.7267
0.7163
0.6864
0.6470
0.6167
0.6035
0.6021
0.6101
0.6317
0.6651
0.6948
0.7080
0.7099
0.7080
0.6948
0.6412
0.5750
0.5502
0.5425
0.5483
0.5654
0.5865
0.5982
0.5979
0.6021
0.6250
0.6575
0.6809
0.6902
0.6921
0.6921
0.6904
0.6827
0.6652
0.6426
0.6270
0.6268
0.6409
0.6573
0.6631
0.6563
0.6419
0.6272
0.6296
0.6590
0.7004
0.7304
0.7379
0.7254
0.6994
0.6715
0.6600
0.6688
0.6810
0.6809
0.6670
0.6521
0.6521
0.6672
0.6827
0.6886
0.6844
0.6749
0.6696
0.6749
0.6844
0.6887
0.6844
0.6749
0.6696
0.6749
0.6846
0.6907
0.6939
0.7002
0.7117
0.7247
0.7370
0.7518
0.7707
0.7931
0.8171
0.8273
0.8165
0.7954
0.7821
0.7868
0.7939
0.7878
0.7722
0.7573
0.7496
0.7588
0.7964
0.8514
0.8940
0.9122
0.9161
0.9147
0.9083
0.8978
0.8920
0.8978
0.9083
0.9145
0.9144
0.9060
0.8854
0.8545
0.8268
0.8194
0.8353
0.8560
0.8610
0.8493
0.8400
0.8523
0.8807
0.9025
0.9058
0.8955
0.8814
0.8665
0.8458
0.8208
0.8004
0.7874
0.7815
0.7881
0.8080
0.8333
0.8586
0.8788
0.8871
0.8880
0.8891
0.8875
0.8818
0.8787
0.8727
0.8817
0.8772
0.8452
0.8025
0.7821
0.7906
0.8049
0.8043
0.7838
0.7502
0.7181
0.7027
0.7069
0.7182
0.7252
0.7271
0.7273
0.7273
0.7275
0.7297
0.7406
0.7670
0.7900
0.7773
0.7705
0.7773
0.7900
0.7977
0.7998
0.7998
0.7977
0.7898
0.7748
0.7581
0.7446
0.7378
0.7455
0.7671
0.7877
0.7975
0.7998
0.8000
0.8000
0.8000
0.8000
0.8000
0.8000
0.8000
0.8000
0.8000
0.8000
0.8000
0.8000
0.8000
0.8000
0.8002
0.8023
0.8100
0.8229
0.8321
0.8352
0.8450
0.8643
0.8726
0.8499
0.8023
0.7603
0.7503
0.7675
0.7877
0.7975
0.7998
0.8000
0.8000
0.8000
0.8000
0.8002
0.8023
0.8100
0.8227
0.8295
0.8227
0.8100
0.8023
0.8002
0.8000
0.8000
0.8002
0.8025
0.8126
0.8352
0.8648
0.8872
0.8949
0.8872
0.8648
0.8352
0.8126
0.8028
0.8028
0.8126
0.8352
0.8648
0.8872
0.8949
0.8874
0.8673
0.8478
0.8476
0.8650
0.8777
0.8746
0.8677
0.8648
0.8548
0.8329
0.8121
0.8002
0.7902
0.7773
0.7705
0.7773
0.7902
0.8002
0.8123
0.8352
0.8648
0.8874
0.8975
0.8998
0.9000
0.8998
0.8977
0.8900
0.8773
0.8705
0.8773
0.8900
0.8977
0.8996
0.8977
0.8900
0.8773
0.8705
0.8773
0.8900
0.8977
0.8998
0.9000
0.9000
0.9000
0.8998
0.8975
0.8872
0.8622
0.8227
0.7771
0.7364
0.7077
0.7669
0.7554
0.7589
0.7917
0.8386
0.8724
0.8856
0.8858
0.8749
0.8500
0.8197
0.8057
0.8197
0.8500
0.8747
0.8835
0.8775
0.8637
0.8561
0.8635
0.8752
0.8752
0.8464
0.8383
0.8498
0.8782
0.9161
0.9557
0.9840
0.9930
0.9859
0.9720
0.9673
0.9949
0.9686
0.9115
0.7757
0.6702
0.8348
