0.9245
0.9118
0.8938
0.8777
0.8931
0.9193
0.9382
0.9452
0.9383
0.9220
0.9047
0.8980
0.9034
0.9055
0.9046
0.9072
0.9182
0.9340
0.9447
0.9426
0.9306
0.9139
0.9156
0.9153
0.9231
0.9281
0.9282
0.9250
0.9190
0.9151
0.9127
0.9125
0.9125
0.9133
0.9183
0.9277
0.9375
0.9441
0.9453
0.9459
0.9459
0.9459
0.9459
0.9459
0.9459
0.9459
0.9453
0.9426
0.9364
0.9278
0.9174
0.9111
0.9086
0.9110
0.9167
0.9223
0.9249
0.9243
0.9258
0.9341
0.9448
0.9551
0.9606
0.9620
0.9623
0.9642
0.9647
0.9632
0.9611
0.9610
0.9597
0.9593
0.9597
0.9598
0.9600
0.9628
0.9666
0.9682
0.9651
0.9553
0.9400
0.9260
0.9190
0.9188
0.9223
0.9317
0.9375
0.9360
0.9303
0.9250
0.9211
0.9148
0.9031
0.8893
0.8811
0.8823
0.8907
0.8966
0.8984
0.8999
0.8965
0.8957
0.8931
0.8887
0.8856
0.8854
0.8862
0.8901
0.9000
0.9079
0.9001
0.8926
0.8769
0.8701
0.8642
0.8619
0.8642
0.8699
0.8750
0.8751
0.8708
0.8682
0.8710
0.8770
0.8839
0.8926
0.9004
0.9000
0.8878
0.8786
0.8724
0.8734
0.8736
0.8753
0.8576
0.8311
0.8241
