0.9500
0.9395
0.9336
0.9240
0.8997
0.8629
0.8254
0.8215
0.8365
0.8466
0.8474
0.8510
0.8659
0.8868
0.8971
0.8867
0.8573
0.8387
0.8350
0.8520
0.8871
0.9281
0.9636
0.9858
0.9916
0.9857
0.9766
0.9678
0.9586
0.9514
0.9513
0.9573
0.9622
0.9627
0.9639
0.9676
0.9681
0.9570
0.9291
0.8960
0.8853
0.9082
0.9460
0.9764
0.9927
0.9985
0.9986
0.9944
0.9874
0.9836
0.9874
0.9943
0.9974
0.9942
0.9861
0.9780
0.9747
0.9767
0.9806
0.9817
0.9823
0.9873
0.9944
0.9987
0.9999
1.0000
0.9999
0.9986
0.9941
0.9867
0.9826
0.9867
0.9941
0.9986
0.9999
1.0000
1.0000
1.0000
0.9999
0.9985
0.9927
0.9808
0.9693
0.9693
0.9808
0.9927
0.9984
0.9999
1.0000
1.0000
0.9999
0.9985
0.9937
0.9857
0.9801
0.9796
0.9796
0.9802
0.9864
0.9948
1.0000
1.0000
0.9999
0.9984
0.9933
0.9849
0.9803
0.9849
0.9933
0.9984
0.9999
1.0000
1.0000
1.0000
1.0000
1.0000
1.0000
1.0000
1.0000
1.0000
1.0000
1.0000
1.0000
1.0000
1.0000
1.0000
1.0000
1.0000
1.0000
1.0000
1.0000
1.0000
1.0000
1.0000
1.0000
1.0000
1.0000
1.0000
1.0000
0.9998
0.9983
0.9923
0.9826
0.9771
0.9806
0.9825
0.9692
0.9405
0.9067
0.9454
0.9609
0.9637
0.9345
0.9338
0.9528
1.0000
1.0000
1.0000
1.0000
