0.9070
0.9338
0.9361
0.9340
0.9323
0.9352
0.9264
0.9010
0.8699
0.8513
0.8385
0.8285
0.8229
0.8318
0.8380
0.8494
0.8627
0.8756
0.8849
0.8938
0.8913
0.8859
0.8820
0.8829
0.8814
0.8823
0.8809
0.8848
0.8841
0.8776
0.8707
0.8667
0.8633
0.8575
0.8493
0.8401
0.8327
0.8269
0.8201
0.8280
0.8363
0.8425
0.8421
0.8444
0.8421
0.8291
0.8202
0.8127
0.8113
0.8158
0.8444
0.8351
0.8223
0.8165
0.8071
0.7973
0.7790
0.7716
0.7827
0.7993
0.8076
0.8059
0.8021
0.7964
0.7979
0.7957
0.7947
0.7965
0.8088
0.8240
0.8325
0.8215
0.8557
0.8665
0.8617
0.8533
0.8576
0.8598
0.8424
0.8365
0.8893
0.8712
0.8648
0.8705
0.8816
0.8935
0.8884
0.8752
0.8519
0.8366
0.8320
0.8248
0.8142
0.8181
0.8432
0.8752
0.8975
0.9068
0.9089
0.9091
0.9091
0.9091
0.9091
0.9091
0.9091
0.9091
