0.8750
0.8444
0.7990
0.7498
0.7206
0.7287
0.7645
0.7864
0.7870
0.7844
0.7971
0.8200
0.8365
0.8453
0.8581
0.8768
0.8930
0.9033
0.8998
0.8873
0.8576
0.8320
0.8361
0.8682
0.8997
0.9147
0.9264
0.9464
0.9660
0.9729
0.9681
0.9585
0.9467
0.9377
0.9390
0.9466
0.9554
0.9438
0.9160
0.8900
0.8772
0.8813
0.8976
0.9118
0.9133
0.9035
0.8907
0.8785
0.8656
0.8539
0.8460
0.8368
0.8063
0.7919
0.8003
0.8353
0.8749
0.8936
0.8850
0.8625
0.8440
0.8374
0.8419
0.8388
0.8450
0.8388
0.8275
0.8226
0.8298
0.8502
0.8771
0.8977
0.9068
0.9089
0.9091
0.9091
0.9091
0.9087
0.9045
0.8863
0.8450
0.7913
0.7501
0.7319
0.7277
0.7273
0.7273
0.7273
0.7271
0.6977
0.6900
0.6773
0.6705
0.6773
0.6900
0.6977
0.6998
0.7000
0.7000
0.7778
0.7778
0.7778
0.7778
0.7778
0.7778
0.7778
0.7778
0.7778
0.7500
0.7500
0.7500
0.7500
0.7500
0.7500
0.7500
0.7500
0.7500
0.7500
0.7500
0.7500
0.7500
0.7500
0.7500
0.7503
0.7532
0.7657
0.7940
0.8307
0.8561
0.8356
0.8065
0.7646
0.7322
0.7179
0.7146
0.7143
0.7143
0.7143
0.7143
0.7143
0.7143
0.7143
0.7143
0.7143
0.7143
0.7143
0.7143
0.7146
0.7179
0.7322
0.7646
0.8068
0.8389
0.8499
0.8386
0.8035
0.7503
0.6998
0.6757
0.6822
0.7000
0.7110
0.7140
0.7143
0.7143
0.7143
0.7143
0.7143
0.7143
0.7143
0.7143
0.7143
0.7143
0.7143
0.7143
0.7143
0.7143
0.7143
0.7143
0.7143
0.7143
0.7143
0.7143
0.7143
0.7143
0.7143
0.7143
0.7143
0.7143
0.7143
0.7143
0.7143
0.7143
0.7143
0.7143
0.7143
0.7143
0.7143
0.7143
0.7143
0.7143
0.7143
0.7143
0.7143
0.7143
0.7143
0.7143
0.7143
0.7143
0.7143
0.7143
0.7140
0.7110
0.7000
0.6816
0.6688
0.6673
0.6643
0.6545
0.6492
0.6578
0.6786
0.6997
0.7110
0.7140
0.7143
0.7143
0.7143
0.7146
0.7176
0.7286
0.7470
0.7598
0.7610
0.7610
0.7598
0.7470
0.7286
0.7176
0.7146
0.7143
0.7143
0.7143
0.7143
0.7143
0.7146
0.7179
0.7322
0.7646
0.8068
0.8392
0.8535
0.8568
0.8568
0.8535
0.8395
0.8105
0.7825
0.7825
0.8101
0.8362
0.8392
0.8244
0.8149
0.8248
0.8425
0.8502
0.8386
0.8032
0.7470
0.6855
0.6433
0.6403
0.6712
0.7143
0.7573
0.7883
0.7853
0.7434
0.6852
0.6450
0.6515
0.6667
0.6667
0.6663
0.6628
0.6496
0.6254
0.6046
0.7289
0.7612
0.7305
0.6970
0.8073
0.8899
