0.9394
0.8999
0.8732
0.8597
0.8617
0.8768
0.8955
0.9076
0.9184
0.9256
0.9259
0.9226
0.9209
0.9227
0.9273
0.9314
0.9315
0.9280
0.9252
0.9249
0.9249
0.9251
0.9273
0.9290
0.9274
0.9257
0.9267
0.9258
0.9199
0.9141
0.9107
0.9037
0.8921
0.8932
0.9058
0.9193
0.9257
0.9258
0.9276
0.9374
0.9507
0.9575
0.9541
0.9459
0.9416
0.9451
0.9517
0.9549
0.9560
0.9590
0.9626
0.9626
0.9590
0.9567
0.9582
0.9584
0.9508
0.9374
0.9276
0.9258
0.9259
0.9209
0.9124
0.9076
0.9093
0.9141
0.9192
0.9242
0.9265
0.9242
0.9192
0.9045
0.8983
0.8894
0.8894
0.8902
0.8968
0.9021
0.9049
0.9018
0.8932
0.8860
0.8823
0.8942
0.9090
0.9078
0.9023
0.8885
0.8636
0.8507
0.8333
0.8332
