0.9032
0.8787
0.8292
0.7961
0.7943
0.8129
0.8353
0.8493
0.8765
0.8618
0.8382
0.8184
0.8119
0.8200
0.8351
0.8487
0.8586
0.8666
0.8707
0.8683
0.8656
0.8652
0.8634
0.8647
0.8749
0.8845
0.8838
0.8770
0.8859
0.9011
0.9100
0.9097
0.9069
0.9040
0.8927
0.9021
0.8948
0.8949
0.9030
0.9106
0.9113
0.9052
0.8958
0.8863
0.8785
0.8728
0.8697
0.8723
0.8813
0.8901
0.8893
0.8836
0.8760
0.8764
0.8828
0.8944
0.8965
0.8945
0.8953
0.8987
0.9041
0.9093
0.9110
0.9122
0.9222
0.9385
0.9437
0.9311
0.8863
0.8371
0.8754
0.8430
