1.0000
0.9317
0.9053
0.9105
0.9280
0.9368
0.9524
0.9751
0.9844
0.9935
0.9968
0.9916
0.9782
0.9652
0.9652
0.9782
0.9918
0.9982
0.9983
0.9932
0.9833
0.9736
0.9698
0.9736
0.9833
0.9932
0.9984
0.9999
1.0000
1.0000
1.0000
1.0000
0.9999
0.9983
0.9913
0.9734
0.9435
0.9115
0.8958
0.9049
0.9282
0.9520
0.9680
0.9697
0.9619
0.9582
0.9614
0.9639
0.9614
0.9584
0.9636
0.9781
0.9916
0.9968
0.9932
0.9849
0.9802
0.9832
0.9851
0.9765
0.9635
0.9584
0.9615
0.9628
0.9641
0.9617
0.9633
0.9694
0.9808
0.9921
0.9982
0.9998
1.0000
1.0000
1.0000
1.0000
1.0000
1.0000
0.9998
0.9982
0.9923
0.9824
0.9755
0.9747
0.9729
0.9660
0.9571
0.9503
0.9503
0.9573
0.9678
0.9806
0.9920
0.9970
0.9917
0.9811
0.9754
0.9811
0.9917
0.9981
0.9998
1.0000
1.0000
1.0000
1.0000
1.0000
1.0000
0.9996
0.9959
0.9812
0.9519
0.9235
0.9189
0.9408
0.9710
0.9907
0.9979
0.9998
1.0000
1.0000
1.0000
1.0000
1.0000
1.0000
1.0000
1.0000
1.0000
1.0000
1.0000
1.0000
1.0000
1.0000
1.0000
1.0000
1.0000
1.0000
1.0000
1.0000
0.9998
0.9979
0.9909
0.9794
0.9729
0.9771
0.9795
0.9659
0.9411
0.9228
0.9228
0.9413
0.9680
0.9884
0.9954
0.9886
0.9684
0.9384
0.9900
0.9773
0.9705
0.9773
0.9900
0.9977
0.9998
1.0000
1.0000
1.0000
1.0000
1.0000
1.0000
1.0000
1.0000
0.9998
0.9977
0.9898
0.9748
0.9581
0.9383
0.9280
0.9254
0.9243
0.9141
0.8861
0.8748
0.9961
0.9996
1.0000
1.0000
1.0000
1.0000
1.0000
1.0000
1.0000
1.0000
1.0000
1.0000
1.0000
