0.8929
0.9062
0.9042
0.8962
0.8936
0.9087
0.9242
0.9374
0.9452
0.9518
0.9565
0.9551
0.9427
0.9290
0.9223
0.9204
0.9213
0.9203
0.9217
0.9158
0.9100
0.8945
0.8705
0.8445
0.8296
0.8376
0.8591
0.8681
0.8568
0.8478
0.8592
0.8805
0.8943
0.8978
0.8916
0.8692
0.8528
0.8497
0.8575
0.8679
0.8760
0.8799
0.8818
0.8849
0.8920
0.9009
0.9037
0.9051
0.8974
0.8815
0.8738
0.8877
0.9149
0.9363
0.9423
0.9372
0.9252
0.9169
0.9080
0.9001
0.8960
0.8949
0.8947
0.8947
0.8947
0.8947
0.8947
0.8947
0.8947
0.8947
0.8947
0.8945
0.8923
0.8841
0.8696
0.8505
0.8511
0.8614
0.8737
0.8762
0.8809
0.8805
0.8722
0.8502
0.8209
0.8095
0.8219
0.8469
0.8657
0.8733
0.8749
0.8750
0.8750
0.8750
0.8750
0.8750
0.8750
0.8750
0.8750
0.8750
0.8750
0.8750
0.8749
0.8735
0.8600
0.8516
0.8470
0.8516
0.8600
0.8651
0.8665
0.8667
0.8667
0.8667
0.8667
0.8667
0.8667
0.8667
0.8667
0.8667
0.8667
0.8665
0.8650
0.8584
0.8449
0.8319
0.8319
0.8449
0.8584
0.8650
0.8664
0.8651
0.8600
0.8516
0.8470
0.8516
0.8600
0.8650
0.8648
0.8584
0.8449
0.8319
0.8319
0.8449
0.8584
0.8650
0.8665
0.8665
0.8650
0.8584
0.8449
0.8319
0.8317
0.8430
0.8485
0.8348
0.8084
0.7902
0.7933
0.8086
0.8181
0.8151
0.8084
0.8099
0.8236
0.8432
0.8583
0.8650
0.8568
0.8555
0.8498
0.8393
0.8287
0.8229
0.8199
0.8143
0.8054
0.8017
0.8091
0.8162
0.8086
0.7969
0.8035
0.8267
0.8467
0.8552
0.8570
0.8571
0.8571
0.8571
0.8571
0.8571
0.8571
0.8571
0.8571
0.8571
0.8571
0.8571
0.8571
0.8571
0.8571
0.8571
0.8571
0.8571
0.8571
0.8571
0.8571
0.8571
0.8571
0.8571
0.8570
0.8553
0.8483
0.8338
0.8198
0.8197
0.8321
0.8412
0.8390
0.8341
0.8321
0.8268
0.8200
0.8286
0.8590
0.8946
0.9178
0.9266
0.9284
0.9284
0.9268
0.9198
0.9052
0.8913
0.8913
0.9052
0.9198
0.9268
0.9284
0.9286
0.9284
0.9269
0.9214
0.9124
0.9075
0.9124
0.9213
0.9252
0.9211
0.9107
0.9003
0.8963
0.9021
0.9197
0.9461
0.9697
0.9748
0.9568
0.9323
0.9197
0.9161
0.9109
0.9072
0.9107
0.9143
0.9107
0.9073
0.9124
0.9214
0.9269
0.9283
0.9269
0.9214
0.9124
0.9075
0.9122
0.9196
0.9181
0.9051
0.8913
0.8914
0.9070
0.9284
0.9484
0.9584
0.9479
0.9218
0.8960
0.8770
0.8646
0.8588
0.8573
0.8571
0.8571
0.8571
0.8571
0.8571
0.8571
0.8571
0.8571
0.8573
0.8590
0.8661
0.8823
0.9034
0.9196
0.9268
0.9283
0.9268
0.9196
0.9034
0.8823
0.8661
0.8590
0.8573
0.8571
0.8571
0.8571
0.8571
0.8571
0.8573
0.8590
0.8661
0.8823
0.9034
0.9196
0.9268
0.9284
0.9284
0.9268
0.9198
0.9051
0.8895
0.8823
0.8801
0.8735
0.8643
0.8588
0.8573
0.8571
0.8571
0.8571
0.8462
0.8462
0.8462
0.8462
0.8462
0.8462
0.8462
0.8462
0.8462
0.8462
0.8462
0.8463
0.8481
0.8558
0.8733
0.8960
0.9134
0.9211
0.9229
0.9231
0.9231
0.9231
0.9231
0.9231
0.9229
0.9211
0.9134
0.8960
0.8733
0.8558
0.8481
0.8463
0.8462
0.8462
0.8462
0.8462
0.8462
0.8460
0.8444
0.8385
0.8287
0.8234
0.8287
0.8385
0.8444
0.8462
0.8333
0.8333
0.8335
0.8355
0.8438
0.8627
0.8875
0.9083
0.9250
0.9458
0.9706
0.9895
0.9979
0.9998
1.0000
1.0000
0.9998
0.9977
0.9876
0.9617
1.0000
1.0000
1.0000
1.0000
1.0000
1.0000
1.0000
1.0000
1.0000
1.0000
1.0000
1.0000
1.0000
1.0000
1.0000
1.0000
1.0000
1.0000
1.0000
1.0000
1.0000
1.0000
1.0000
1.0000
1.0000
1.0000
1.0000
1.0000
1.0000
1.0000
1.0000
1.0000
1.0000
1.0000
1.0000
1.0000
1.0000
1.0000
1.0000
1.0000
1.0000
1.0000
1.0000
1.0000
1.0000
1.0000
1.0000
1.0000
1.0000
1.0000
1.0000
1.0000
1.0000
1.0000
1.0000
1.0000
1.0000
1.0000
1.0000
1.0000
1.0000
1.0000
1.0000
1.0000
1.0000
0.9998
0.9977
0.9886
0.9680
0.9411
0.9205
0.9114
0.9093
0.9091
0.9091
0.9091
0.9091
0.9091
0.9091
0.9091
0.9091
0.9091
0.9091
0.9091
0.9091
0.9091
0.9091
0.9091
0.9091
0.9091
0.9091
0.9091
0.9091
0.9091
0.9093
0.9112
0.9184
0.9320
0.9474
0.9615
0.9748
0.9793
0.9659
0.9411
0.9226
0.9205
0.9301
0.9383
0.9409
0.9479
0.9587
0.9570
0.9411
0.9317
0.9434
0.9680
0.9863
0.9863
0.9678
0.9411
0.9205
0.9114
0.9093
0.9091
0.9091
0.9091
0.9091
0.9091
0.9091
0.9091
0.9091
0.9091
0.9091
0.9091
0.9091
0.9091
0.9091
0.9091
0.9091
0.9091
0.9091
0.9091
0.9091
0.9091
0.9091
0.9091
0.9091
0.9091
0.9091
0.9091
0.9091
0.9091
0.9091
0.9091
0.9091
0.9091
0.9091
0.9089
0.9070
0.9000
0.8883
0.8799
0.8773
0.8703
0.8595
0.8614
0.8794
0.8979
0.9068
0.9089
0.9091
0.9091
0.9091
0.9091
0.9091
0.9091
0.9091
0.9091
0.9091
0.9091
0.9091
0.9091
0.9091
0.9091
0.9091
0.9091
0.9091
0.9091
0.9091
0.9091
0.9091
0.9091
0.9091
0.9091
0.9091
0.9091
0.9091
0.9091
0.9091
0.9091
0.9091
0.9091
0.9091
0.9091
0.9091
0.9091
0.9091
0.9091
0.9091
0.9091
0.9091
0.9091
0.9093
0.9114
0.9205
0.9411
0.9680
0.9886
0.9977
0.9998
1.0000
1.0000
1.0000
1.0000
0.9998
0.9977
0.9884
0.9657
0.9297
0.8885
0.8525
0.8298
0.8205
0.8184
0.8000
0.8000
0.8000
0.8000
0.8000
0.8000
0.8000
0.8000
0.7998
0.7977
0.7900
0.7773
0.7705
0.7773
0.7900
0.7977
0.7998
0.8000
0.8000
0.8000
0.8000
0.8000
0.8000
0.8000
0.8000
0.8000
0.8000
0.8000
0.8000
0.8000
0.8000
0.8000
0.8000
0.8000
0.8000
0.8000
0.8000
0.8000
0.8000
0.8000
0.8000
0.8000
0.8000
0.8000
0.8000
0.8000
0.8000
0.8000
0.8000
0.8000
0.8000
0.8000
0.8000
0.8000
0.8000
0.8000
0.8000
0.8000
0.8000
0.8000
0.8000
0.8000
0.8002
0.8023
0.8102
0.8252
0.8421
0.8579
0.8748
0.8898
0.8977
0.8996
0.8972
0.8851
0.8548
0.8126
0.7830
0.7799
0.7902
0.7977
0.7998
0.8000
0.8000
0.8000
0.8000
0.8000
0.8000
0.8000
0.8000
0.8000
0.8000
0.8000
0.8000
0.8000
0.8000
0.8000
0.8000
0.8000
0.8000
0.8000
0.8000
0.8000
0.8000
0.8000
0.8000
0.8000
0.8000
0.8000
0.8000
0.8000
0.8000
0.8000
0.8000
0.7998
0.7975
0.7877
0.7671
0.7452
0.7352
0.7321
0.7229
0.7100
0.7023
0.7002
0.6998
0.6975
0.6874
0.6648
0.6354
0.6151
0.6151
0.6354
0.6648
0.6874
0.6975
0.6998
0.7000
0.7002
0.7025
0.7126
0.7352
0.7648
0.7874
0.7975
0.7998
0.8000
0.8000
0.8000
0.8000
0.8000
0.8000
0.8000
0.8002
0.7806
0.7917
0.8167
0.8469
0.8610
0.8469
0.8169
0.7946
0.7946
0.8172
0.8497
0.8749
0.8861
0.8886
0.8889
0.8889
0.8889
0.8889
0.8889
0.8889
0.8889
0.8889
0.8889
0.8889
0.8889
0.8889
0.8889
0.8889
0.8889
0.8889
0.8889
0.8889
0.8889
0.8889
0.8889
0.8889
0.8889
0.8889
0.8889
0.8889
0.8889
0.8886
0.8861
0.8749
0.8497
0.8169
0.7917
0.7806
0.7780
0.7778
0.7778
0.7778
0.7778
0.7778
0.7778
0.7778
0.7778
0.7778
0.7778
0.7778
0.7775
0.7750
0.7641
0.7415
0.7198
0.7198
0.7415
0.7638
0.7724
0.7664
0.7526
0.7447
0.7500
0.7555
0.7500
0.7447
0.7526
0.7667
0.7752
0.7775
0.7778
0.7778
0.7780
0.7804
0.7887
0.8006
0.8023
0.7917
0.7952
0.8271
0.8641
0.8832
0.8858
0.8778
0.8637
0.8561
0.8637
0.8778
0.8863
0.8886
0.8889
0.8889
0.8889
0.8889
0.8889
0.8889
0.8889
0.8886
0.8863
0.8778
0.8637
0.8561
0.8637
0.8625
0.8721
0.8747
0.8750
0.8750
0.8750
0.8750
0.8750
0.8750
0.8750
0.8750
0.8750
0.8750
0.8750
0.8750
0.8747
0.8721
0.8625
0.8464
0.8349
0.8310
0.8185
0.7911
0.7654
0.7529
0.7468
0.7311
0.6906
0.6282
0.5757
0.5661
0.6001
0.6533
0.7002
0.7247
0.7342
0.7565
0.7997
0.8340
0.8374
0.8221
0.8041
0.7837
0.7322
0.7179
0.7146
0.7143
0.7143
0.7140
0.7113
0.7036
0.6995
0.7188
0.7565
0.7743
0.7540
0.7137
0.6676
0.6221
0.5894
0.5751
0.5721
0.5751
0.5890
0.6181
0.5874
0.5913
0.5754
0.5793
0.6122
0.6461
0.6624
0.6663
0.6667
0.6667
0.6667
0.6667
0.6667
0.6667
0.6667
0.6667
0.6667
0.6667
0.6667
0.6667
0.6667
