0.8354
0.8529
0.8615
0.8595
0.8641
0.8691
0.8786
0.8863
0.8904
0.8886
0.8794
0.8676
0.8656
0.8757
0.8877
0.8972
0.8993
0.8934
0.8834
0.8768
0.8800
0.8842
0.8845
0.8851
0.8880
0.8939
0.8992
0.9009
0.8999
0.9004
0.9049
0.9108
0.9146
0.9166
0.9190
0.9213
0.9253
0.9283
0.9285
0.9200
0.9101
0.9023
0.8999
0.8997
0.8973
0.8920
0.8881
0.8862
0.8793
0.8665
0.8524
0.8704
0.8660
0.8588
0.8574
0.8418
0.8330
0.8138
0.7888
0.7853
0.7879
0.8112
0.8387
0.8528
0.8736
0.8614
0.8443
0.8277
0.8275
0.8543
0.8840
0.8958
0.8994
0.8908
0.8764
0.8626
0.8405
0.8272
0.8175
0.8324
0.8497
0.8664
0.8795
0.8845
0.8808
0.8749
0.8581
0.8572
0.8571
0.8571
0.8510
0.8418
0.8698
0.8575
0.8454
0.8342
0.8252
0.8158
0.8103
0.7895
0.7665
0.7615
0.7652
0.8176
0.8115
