0.9487
0.9490
0.9572
0.9660
0.9669
0.9545
0.9379
0.9514
0.9523
0.9470
0.9303
0.9201
0.9284
0.9509
0.9575
0.9579
0.9498
0.9376
0.9259
0.9175
0.9248
0.9328
0.9269
0.9286
0.9390
0.9520
0.9561
0.9443
0.9245
0.9124
0.9094
0.9161
0.9238
0.9326
0.9433
0.9498
0.9437
0.9276
0.9150
0.9168
0.9285
0.9373
0.9359
0.9267
0.9188
0.9183
0.9214
0.9214
0.9174
0.9150
0.9175
0.9222
0.9251
0.9258
0.9259
0.9259
0.9259
0.9231
0.9231
0.9231
0.9230
0.9222
0.9160
0.9109
0.9082
0.9109
0.9160
0.9191
0.9199
0.9199
0.9191
0.9125
0.9032
0.9002
0.9032
0.9087
0.9120
0.9129
0.9130
0.9130
0.9130
0.9130
0.9129
0.9120
0.9087
0.9032
0.9001
0.9022
0.9042
0.9009
0.8927
0.8803
0.8663
0.8636
0.8790
0.8990
0.9099
0.9127
0.9119
0.9076
0.8977
0.8849
0.8749
0.8697
0.8653
0.8598
0.8579
0.8662
0.8852
0.9036
0.9036
0.9000
0.8887
0.8852
0.8887
0.8895
0.8935
0.8946
0.8947
0.8946
0.8934
0.8882
0.9263
0.9154
0.9154
0.9263
0.9376
0.9430
0.9442
0.9430
0.9339
0.9220
0.9105
0.9105
0.9218
0.9326
0.9340
0.9295
0.9296
0.9359
0.9297
0.9156
0.8918
0.8834
0.8918
0.9100
0.9255
0.9269
0.9229
1.0000
1.0000
