0.9083
0.9098
0.9205
0.9227
0.9199
0.9143
0.9131
0.9197
0.9232
0.9238
0.9143
0.9003
0.8927
0.9099
0.9268
0.9345
0.9305
0.9193
0.9121
0.9106
0.9154
0.9187
0.9137
0.9030
0.8930
0.8891
0.8823
0.9019
0.9057
0.9108
0.9348
0.9278
0.9229
0.9209
0.9265
0.9340
0.9364
0.9357
0.9344
0.9364
0.9381
0.9391
0.9343
0.9476
0.9494
0.9540
0.9604
0.9557
0.9475
0.9428
0.9426
0.9474
0.9526
0.9575
0.9598
0.9574
0.9519
0.9448
0.9352
0.9306
0.9268
0.9162
0.8994
0.8946
0.8992
0.9112
0.9175
0.9166
0.9149
0.9175
0.9191
0.9212
0.9182
0.9105
0.9030
0.8990
0.9060
0.9110
0.9090
0.9040
0.9008
0.8992
0.8959
0.8854
0.8792
0.8746
0.9085
0.8967
0.8866
0.9199
0.9142
0.9193
0.9134
0.9432
0.9410
0.9375
0.9375
0.9375
0.9374
0.9360
0.9311
0.9219
0.9126
0.9076
0.9049
0.9000
0.8922
0.8892
0.8985
0.9156
0.9297
0.9359
0.9332
0.9332
0.9316
0.9250
0.9098
0.8821
0.8540
0.8404
0.8278
0.8880
0.8807
0.8667
0.8484
0.8370
0.8341
0.8370
0.8485
0.8645
0.8522
