0.8975
0.8907
0.8878
0.8895
0.8914
0.8924
0.8936
0.8954
0.8960
0.8961
0.8958
0.8936
0.8912
0.8893
0.8886
0.8860
0.8845
0.8821
0.8802
0.8781
0.8785
0.8795
0.8833
0.8851
0.8851
0.8838
0.8828
0.8850
0.8862
0.8872
0.8880
0.8878
0.8868
0.8857
0.8843
0.8821
0.8800
0.8777
0.8778
0.8756
0.8719
0.8701
0.8695
0.8673
0.8651
0.8621
0.8599
0.8583
0.8580
0.8556
0.8551
0.8563
0.8577
0.8599
0.8564
0.8533
0.8500
0.8473
0.8420
0.8375
0.8370
0.8388
0.8427
0.8478
0.8535
0.8581
0.8606
0.8599
0.8606
0.8617
0.8613
0.8626
0.8642
0.8612
0.8591
0.8563
0.8546
0.8540
0.8540
0.8525
0.8501
0.8487
0.8480
0.8478
0.8459
0.8439
0.8438
0.8436
0.8429
0.8414
0.8417
0.8410
0.8395
0.8381
0.8400
0.8420
0.8432
0.8430
0.8416
0.8401
0.8403
0.8413
0.8422
0.8421
0.8402
0.8381
0.8363
0.8353
0.8343
0.8293
0.8273
0.8241
0.8240
0.8262
0.8314
0.8366
0.8386
0.8390
0.8371
0.8361
0.8352
0.8357
0.8348
0.8363
0.8353
0.8343
0.8350
0.8331
0.8327
0.8321
0.8328
0.8340
0.8349
0.8357
0.8362
0.8375
0.8378
0.8384
0.8363
0.8334
0.8343
0.8341
0.8354
0.8335
0.8307
0.8288
0.8269
0.8264
0.8282
0.8298
0.8308
0.8287
0.8249
0.8217
0.8182
0.8179
0.8181
0.8159
0.8144
0.8118
0.8105
0.8118
0.8140
0.8161
0.8170
0.8193
0.8197
0.8193
0.8149
0.8128
0.8101
0.8079
0.8081
0.8080
0.8100
0.8129
0.8137
0.8139
0.8122
0.8127
0.8120
0.8115
0.8101
0.8097
0.8081
0.8075
0.8054
0.8041
0.8048
0.8049
0.8045
0.8054
0.8046
0.8061
0.8093
0.8120
0.8130
0.8135
0.8111
0.8096
0.8108
0.8092
0.8101
0.8109
0.8090
0.8078
0.8080
0.8103
0.8107
0.8113
0.8133
0.8134
0.8101
0.8093
0.8099
0.8084
0.8055
0.8064
0.8058
0.8063
0.8029
0.7980
0.7923
0.7893
0.7873
0.7846
0.7834
0.7830
0.7830
0.7804
0.7775
0.7771
0.7792
0.7820
0.7834
0.7835
0.7835
0.7786
0.7786
0.7739
0.7674
0.7626
