0.9278
0.9164
0.9081
0.9023
0.8959
0.8897
0.8870
0.8899
0.9016
0.9069
0.9081
0.9067
0.9001
0.8952
0.8922
0.8924
0.8941
0.8986
0.9014
0.9001
0.8966
0.8948
0.8941
0.8973
0.8994
0.8990
0.8979
0.8971
0.8962
0.8963
0.8944
0.8946
0.8943
0.8952
0.8966
0.8990
0.8998
0.8974
0.8941
0.8916
0.8906
0.8900
0.8879
0.8851
0.8844
0.8873
0.8899
0.8893
0.8882
0.8881
0.8865
0.8849
0.8833
0.8827
0.8838
0.8825
0.8801
0.8805
0.8833
0.8843
0.8861
0.8882
0.8907
0.8935
0.8953
0.8957
0.8944
0.8942
0.8947
0.8935
0.8916
0.8905
0.8931
0.8975
0.9015
0.9025
0.9001
0.8974
0.8945
0.8968
0.8966
0.8949
0.8944
0.8919
0.8946
0.8936
0.8890
0.8873
0.8838
0.8837
0.8866
0.8887
0.8912
0.8935
0.8896
0.8891
0.8891
0.8860
0.8848
0.8855
0.8873
0.8877
0.8861
0.8857
0.8868
0.8880
0.8886
0.8885
0.8886
0.8956
0.8973
0.8976
0.8981
0.8993
0.8997
0.8987
0.8973
0.8978
0.8975
0.8960
0.8947
0.8912
0.8894
0.8907
0.8940
0.8967
0.9004
0.9005
0.9008
0.9003
0.9003
0.8998
0.8973
0.8927
0.8865
0.8842
0.8838
0.8820
0.8789
0.8716
0.8685
0.8680
0.8724
0.8796
0.8874
0.8920
0.8997
0.9005
0.8992
0.8983
0.8964
0.8924
0.8890
0.8900
0.8921
0.8943
0.8967
0.8987
0.8987
0.8962
0.8931
0.8907
0.8869
0.8822
0.8775
0.8791
0.8808
0.8792
0.8808
0.8847
0.8872
0.8879
0.8884
0.8886
0.8870
0.8873
0.8848
0.8843
0.8817
0.8792
0.8782
0.8813
0.8831
0.8833
0.8838
0.8841
0.8853
0.8852
0.8837
0.8826
0.8810
0.8784
0.8750
0.8743
0.8733
0.8724
0.8750
0.8738
0.8738
0.8723
0.8694
0.8645
0.8702
0.8706
0.8703
0.8680
0.8679
0.8661
0.8659
0.8650
0.8663
0.8675
0.8688
0.8723
0.8772
0.8821
0.8822
0.8798
0.8762
0.8730
0.8760
0.8762
0.8788
0.8828
0.8862
0.8879
0.8895
0.8946
0.8940
0.8921
0.8889
0.8869
0.8852
0.8848
0.8860
0.8879
0.8887
0.8915
0.8952
0.8967
0.8991
0.9001
0.9001
0.8982
0.8962
0.9001
0.8991
0.8963
0.8936
0.8903
0.8901
0.8919
0.8938
0.8929
0.8934
0.8909
0.8964
0.8975
0.9037
0.9009
0.8963
0.8919
0.8921
0.8957
0.8994
0.8991
0.8959
0.8916
0.8895
0.8894
0.8925
0.8954
0.8955
0.8925
0.8898
0.8870
0.8860
0.8881
0.8917
0.8941
0.8956
0.8968
0.8966
0.8953
0.8960
0.8970
0.8966
0.8960
0.8945
0.8922
0.8923
0.8926
0.8917
0.8874
0.8820
0.8823
0.8783
0.8788
0.8902
0.8951
0.8986
0.9002
0.9032
0.9055
0.9053
0.9004
0.8936
0.8867
0.8810
0.8798
0.8864
0.8850
0.8820
0.8779
0.8759
0.8747
0.8767
0.8874
0.8897
0.8916
0.8910
0.8921
0.8946
0.8968
0.8973
0.8974
0.8991
0.9029
0.9085
0.9122
0.9125
0.9172
0.9151
0.9136
0.9142
0.9145
0.9133
0.9122
0.9138
0.9194
0.9212
0.9224
0.9213
0.9193
0.9166
0.9148
0.9122
0.9086
0.9046
0.9039
0.9060
0.9096
0.9144
0.9170
0.9161
0.9140
0.9160
0.9230
0.9297
0.9335
0.9331
0.9290
0.9252
0.9317
0.9325
0.9329
0.9334
0.9339
0.9271
0.9195
0.9152
0.9174
0.9231
0.9294
0.9334
0.9359
0.9389
0.9432
0.9481
0.9516
0.9528
0.9497
0.9437
0.9388
0.9378
0.9392
0.9404
0.9399
0.9361
0.9353
0.9371
0.9388
0.9368
0.9332
0.9314
0.9315
0.9302
0.9278
0.9242
0.9210
0.9195
0.9206
0.9227
0.9224
0.9197
0.9181
0.9205
0.9264
0.9329
0.9369
0.9360
0.9301
0.9219
0.9154
0.9134
0.9150
0.9189
0.9208
0.9203
0.9290
0.9297
0.9282
0.9262
0.9265
0.9297
0.9333
0.9322
0.9273
0.9208
0.9142
0.9064
0.9088
0.9035
0.9010
0.8990
0.8960
0.8972
0.9028
0.9103
0.9145
0.9183
0.9232
0.9290
0.9335
0.9342
0.9303
0.9228
0.9143
0.9083
0.9057
0.9052
0.9050
0.9081
0.9123
0.9139
0.9137
0.9104
0.9086
0.9084
0.9119
0.9174
0.9257
0.9342
0.9383
0.9373
0.9349
0.9334
0.9314
0.9289
0.9257
0.9309
0.9241
0.9179
0.9184
0.9230
0.9309
0.9376
0.9403
0.9381
0.9355
0.9366
0.9397
0.9411
0.9400
0.9399
0.9376
0.9279
0.9156
0.9084
0.9089
0.9106
0.9111
0.9077
0.9056
0.9027
0.9016
0.9003
0.9017
0.9018
0.8996
0.8971
0.8923
0.8982
