0.7778
0.7636
0.7754
0.7531
0.7241
0.6990
0.7291
0.7736
0.8241
0.8589
0.8733
0.8693
0.9091
0.9070
0.9106
0.9125
0.9017
0.8821
0.8661
0.8590
0.8573
0.8571
0.8571
0.8570
0.8553
0.8483
0.8338
0.8198
0.8198
0.8340
0.8498
0.8610
0.8679
0.8710
0.8774
0.8942
0.9123
0.9163
0.9031
0.8823
0.8661
0.8590
0.8571
0.8555
0.8500
0.8408
0.8345
0.8355
0.8411
0.8524
0.8707
0.8897
0.9017
0.9049
0.9056
0.9106
0.9141
0.9087
0.8967
0.8801
0.8481
0.8313
0.8303
0.8368
0.8367
0.8285
0.8234
0.8287
0.8385
0.8444
0.8458
0.8444
0.8385
0.8287
0.8234
0.8284
0.8347
0.8270
0.8016
0.7756
0.7713
0.7925
0.8271
0.8634
0.8940
0.9058
0.9126
0.9080
0.8957
0.8816
0.8684
0.8545
0.8440
0.8457
0.8627
0.8852
0.8957
0.8852
0.8625
0.8438
0.8355
0.8337
0.8355
0.8436
0.8606
0.8770
0.8790
0.8710
0.8730
0.8894
0.9064
0.9145
0.9165
0.9167
0.9165
0.9147
0.9083
0.8978
0.8920
0.8978
0.9083
0.9070
0.9089
1.0000
1.0000
1.0000
1.0000
1.0000
1.0000
1.0000
1.0000
1.0000
1.0000
1.0000
1.0000
0.9998
0.9977
0.9900
0.9773
0.9705
0.9773
0.9900
0.9977
0.9998
0.9998
0.9974
0.9889
0.9748
0.9669
0.9722
0.9778
0.9722
0.9664
0.9692
0.9610
0.9194
0.8584
0.8170
0.8112
0.8222
0.8284
0.8243
0.8167
0.8143
0.8132
0.8032
0.7889
0.7804
0.7780
0.7778
0.7778
0.7778
0.7778
0.7773
0.7721
0.7501
0.7023
0.6478
0.6226
0.6329
0.6506
0.6530
0.6441
0.6478
0.6801
0.7224
0.7390
0.7243
0.7119
0.7271
0.7530
0.7615
0.7519
0.7426
0.7440
0.7526
0.7676
0.7852
0.7916
0.7835
0.7662
0.7389
0.7058
0.6806
0.6695
0.6669
0.6667
0.6667
0.6667
0.6667
0.6667
0.6667
0.6667
0.6669
0.6695
0.6809
0.7086
0.7526
0.8027
0.8441
0.8608
0.8469
0.8167
0.7917
0.7806
0.7780
0.7778
0.7778
0.7778
0.7780
0.7806
0.7917
0.8169
0.8497
0.8747
0.8835
0.8775
0.8637
0.8561
0.8635
0.8749
0.8726
0.8521
0.8280
0.8172
0.8160
0.8143
0.8141
0.8132
0.8035
0.7917
0.7941
0.8146
0.8386
0.8497
0.8532
0.8635
0.8778
0.8863
0.8886
0.8886
0.8863
0.8778
0.8637
0.8561
0.8637
0.8778
0.8863
0.8886
0.8889
0.8889
0.8889
0.8889
0.8889
0.8889
0.8889
0.8889
0.8889
0.8889
0.8889
0.8889
0.8889
0.8889
0.8889
0.8889
0.8889
0.8889
0.8889
0.8886
0.8863
0.8778
0.8637
0.8561
0.8637
0.8778
0.8863
0.8886
0.8889
0.8889
0.8889
0.8889
0.8889
0.8889
0.8889
0.8889
0.8750
0.8750
0.8750
0.8750
0.8750
0.8750
0.8750
0.8747
0.8718
0.8593
0.8310
0.7940
0.7657
0.7532
0.7503
0.7500
0.7500
0.7500
0.7500
0.7500
0.7500
0.7500
0.7500
0.7143
0.7143
0.7143
0.7143
0.7143
0.7143
0.7143
0.7143
0.7143
0.7143
0.7143
0.7143
0.7143
0.7143
0.7143
0.7143
0.7143
0.7143
0.7143
0.7143
0.7140
0.7110
0.7000
0.6816
0.6688
0.6676
0.6676
0.6688
0.6816
0.6997
0.7076
0.6997
0.6819
0.6721
0.6819
0.7000
0.7110
0.7140
0.7143
0.7143
0.7143
0.7143
0.7143
0.7143
0.7143
0.7143
0.7143
0.7143
0.7143
0.7143
0.7143
0.7143
0.7143
0.7143
0.7143
0.7143
0.7143
0.7143
0.7143
0.7140
0.7110
0.7000
0.6819
0.6721
0.6816
0.6964
0.6933
0.6670
0.6364
0.6254
0.6352
0.6545
0.6783
0.6997
0.7110
0.7140
0.7143
0.7143
0.7143
0.7143
0.7143
0.7146
0.7179
0.7322
0.7646
0.8068
0.8392
0.8535
0.8568
0.8571
0.8571
0.8571
0.8571
0.8568
0.8538
0.8428
0.8248
0.8149
0.8244
0.8395
0.8395
0.8244
0.8146
0.8209
0.8216
0.7881
0.7991
0.7953
0.7795
0.7484
0.7074
0.6585
