0.8571
0.8831
0.9055
0.9197
0.9297
0.9280
0.9265
0.9171
0.9050
0.8943
0.8806
0.8670
0.8645
0.8726
0.8785
0.8826
0.8871
0.8854
0.8814
0.8704
0.8534
0.8333
0.8150
0.8031
0.8006
0.8042
0.8002
0.7880
0.7788
0.7818
0.7981
0.8195
0.8370
0.8470
0.8500
0.8472
0.8397
0.8325
0.8324
0.8389
0.8436
0.8424
0.8400
0.8340
0.8276
0.8210
0.8239
0.8292
0.8324
0.8332
0.8333
0.8333
0.8333
0.8334
0.8344
0.8386
0.8480
0.8603
0.8698
0.8739
0.8749
0.8749
0.8739
0.8698
0.8603
0.8414
0.8315
0.8272
0.8183
0.8182
0.8182
0.8182
0.8182
0.8181
0.8084
0.8048
0.7986
0.7942
0.7929
0.7892
0.7834
0.7834
0.7892
0.7929
0.7942
0.7986
0.8048
0.8084
0.8094
0.8095
0.8094
0.8082
0.8023
0.7868
0.7620
0.7382
0.7276
0.7336
0.7512
0.7727
0.7915
0.8034
0.8083
0.8094
0.8095
0.8095
0.8095
0.8095
0.8095
0.8094
0.8083
0.8037
0.7940
0.7847
0.7847
0.7940
0.8037
0.8083
0.8094
0.8095
0.8095
0.8095
0.8095
0.8095
0.8095
0.8095
0.8095
0.8094
0.8083
0.8037
0.7940
0.7848
0.7852
0.7948
0.7950
0.7992
0.7895
0.7895
0.7895
0.7895
0.7894
0.7882
0.7842
0.7775
0.7739
0.7775
0.7842
0.7882
0.7894
0.7894
0.7882
0.7842
0.7775
0.7739
0.7774
0.7830
0.7830
0.7774
0.7740
0.7780
0.7839
0.7725
0.7684
0.7620
0.7640
