0.8333
0.8679
0.8912
0.8965
0.8790
0.8445
0.8027
0.7657
0.7504
0.7517
0.7884
0.8236
0.8454
0.8587
0.8730
0.8854
0.8791
0.8468
0.8096
0.7938
0.8031
0.8254
0.8425
0.8425
0.8398
0.8489
0.8875
0.9217
0.9294
0.9216
0.8873
0.8411
0.8006
0.7890
0.8024
0.8020
0.8016
0.8005
0.8188
0.8480
0.8637
0.8575
0.8461
0.8521
0.8768
0.8959
0.8903
0.8519
0.8144
0.7813
0.7585
0.7418
0.7229
0.7063
0.7045
0.7144
0.7208
0.7234
0.7332
0.7542
0.7879
0.8332
0.8769
0.8954
0.9064
0.9064
0.8958
0.8699
0.8366
0.8151
0.8117
0.8155
0.8889
0.8889
0.8889
0.8889
0.8889
0.8889
0.8889
0.8886
0.8863
0.8778
0.8637
0.8558
0.8609
0.8638
0.8474
0.8193
0.8028
0.8058
0.8109
0.8030
0.7889
0.7804
0.7780
0.7778
0.7778
0.7778
0.7778
0.7775
0.7752
0.7667
0.7523
0.7424
0.7415
0.7412
0.7398
0.7410
0.7389
0.7310
0.7246
0.7227
0.7246
0.7310
0.7389
0.7412
0.7424
0.8464
0.8622
0.8689
0.8590
0.8307
0.7926
0.7623
0.8571
0.8571
0.8571
0.8571
0.8571
0.8568
0.8538
0.8428
0.8248
0.8149
0.8248
0.8425
0.8502
0.8389
0.8071
0.7685
0.7535
0.7822
0.8333
0.8333
0.8333
0.8333
0.8330
0.8291
0.8128
0.7789
0.7463
0.7459
0.7750
0.7961
0.7909
0.7795
0.7750
0.7618
0.7385
0.7289
0.7372
0.7465
0.7493
0.7461
0.7333
0.7126
0.7043
0.7257
0.7626
0.7948
0.8304
0.8659
0.8698
0.8526
0.8200
0.8249
0.8023
0.7859
0.7814
0.8130
0.8489
0.8639
0.8547
0.8381
0.8386
0.8605
0.8895
0.9119
0.9178
0.9203
0.9428
0.9750
0.9942
0.9995
1.0000
1.0000
1.0000
1.0000
1.0000
1.0000
1.0000
1.0000
1.0000
1.0000
1.0000
1.0000
1.0000
1.0000
1.0000
0.9993
0.9922
0.9659
0.9167
0.8681
0.8488
0.8681
0.9167
0.9659
0.9948
