0.8716
0.8809
0.8943
0.9030
0.9009
0.8891
0.8759
0.8653
0.8603
0.8690
0.8757
0.8858
0.8954
0.9017
0.9030
0.9008
0.8990
0.8985
0.8966
0.8945
0.8922
0.8937
0.8970
0.8971
0.9013
0.9018
0.9119
0.9166
0.9160
0.9131
0.9118
0.9104
0.9049
0.8963
0.8880
0.8849
0.8862
0.8899
0.8932
0.8956
0.8981
0.8995
0.8990
0.8985
0.8984
0.8981
0.8977
0.8980
0.8993
0.9015
0.9028
0.9025
0.9020
0.9025
0.9027
0.9010
0.8973
0.8929
0.8885
0.8866
0.8858
0.8859
0.8879
0.8917
0.8965
0.9013
0.9053
0.9075
0.9074
0.9047
0.9010
0.8983
0.8962
0.8925
0.8956
0.8938
0.8947
0.8963
0.8952
0.8916
0.8886
0.8918
0.8984
0.9025
0.8985
0.8962
0.8988
0.8978
0.8882
0.8875
0.8873
0.8949
0.9046
0.9081
0.9013
0.8890
0.8798
0.8781
0.8825
0.8892
0.8951
0.9014
0.9058
0.9064
0.9041
0.9026
0.8995
0.8920
0.8824
0.8752
0.8749
0.8791
0.8798
0.8713
0.8626
0.8540
0.8509
0.8520
0.8680
0.8645
0.8604
0.8619
0.8575
0.8548
0.8490
0.8321
0.8218
0.8255
0.8344
0.8334
