0.8310
0.8093
0.8049
0.8076
0.8028
0.8040
0.8091
0.8153
0.8178
0.8161
0.8145
0.8177
0.8227
0.8224
0.8161
0.8106
0.8101
0.8255
0.8431
0.8502
0.8596
0.8667
0.8682
0.8660
0.8693
0.8726
0.8703
0.8639
0.8583
0.8556
0.8561
0.8586
0.8607
0.8620
0.8626
0.8631
0.8659
0.8718
0.8777
0.8775
0.8794
0.8795
0.8784
0.8782
0.8812
0.8885
0.8975
0.9015
0.8966
0.8844
0.8697
0.8574
0.8522
0.8554
0.8636
0.8715
0.8724
0.8694
0.8657
0.8629
0.8652
0.8698
0.8752
0.8776
0.8750
0.8749
0.8738
0.8698
0.8669
0.8704
0.8779
0.8850
0.8926
0.9011
0.9052
0.9008
0.8922
0.8875
0.8902
0.8956
0.8983
0.8974
0.8948
0.8909
0.8871
0.8834
0.8828
0.8807
0.8737
0.8655
0.8691
0.8696
0.8750
0.8827
0.8887
0.8926
0.8968
0.9004
0.9004
0.8968
0.8926
0.8887
0.8828
0.8754
0.8714
0.8704
0.8722
0.8704
0.8690
0.8722
0.8759
0.8731
0.8649
0.8588
0.8597
0.8653
0.8699
0.8684
0.8601
0.8636
0.8612
0.8573
0.8508
0.8439
0.8407
0.8414
0.8425
0.8434
0.8467
0.8519
0.8561
0.8576
0.8566
0.8547
0.8557
0.8628
0.8735
0.8821
0.8865
0.8875
0.8938
0.9034
0.9115
0.9134
0.9100
0.9057
0.9019
0.8971
0.8909
0.8851
0.8807
0.8790
0.8803
0.8827
0.8847
0.8870
0.8914
0.8970
0.9009
0.9009
0.8971
0.8918
0.9059
0.9049
0.9034
0.9006
0.8989
0.8975
0.8927
0.8848
0.8790
0.8784
0.8804
0.8819
0.8823
0.8824
0.8824
0.8824
0.8828
0.8843
0.8867
0.8883
0.8870
0.8825
0.8805
0.8796
0.8780
0.8750
0.8720
0.8694
0.8651
0.8570
0.8496
0.8515
0.8625
0.8710
0.8674
0.8556
0.8459
0.8431
0.8446
0.8459
0.8445
0.8420
0.8404
0.8391
0.8355
0.8288
0.8227
0.8205
0.8193
0.8318
0.8244
0.8148
0.8053
0.7995
0.7990
0.8032
0.8097
0.8169
0.8261
0.8398
0.8571
0.8745
0.8876
0.8948
0.9160
0.9161
0.9145
0.9115
0.9090
0.9098
0.9158
0.9250
0.9328
0.9364
0.9368
0.9344
0.9275
0.9167
0.9064
0.9021
0.9064
0.9167
0.9275
0.9332
0.9312
0.9201
0.9027
0.8859
0.8754
0.8707
0.8655
0.8573
0.8529
0.8566
0.8610
0.8601
0.8571
0.8568
0.8595
0.8635
0.8689
0.8776
0.8890
0.9001
0.9088
0.9140
0.9156
0.9141
0.9099
0.9062
0.9074
0.9130
0.9181
0.9215
0.9244
0.9222
0.9166
0.9112
0.9106
0.9123
0.9123
0.9100
0.9081
0.9074
0.9052
0.9001
0.8941
0.8888
0.8852
0.8830
0.8809
0.8786
0.8789
0.8835
0.8892
0.8916
0.8892
0.8834
0.8778
0.8738
0.8686
0.8629
0.8617
0.8654
0.8697
0.8718
0.8722
0.8718
0.8691
0.8622
0.8511
0.8400
0.8335
0.8326
0.8352
0.8388
0.8426
0.8484
0.8564
0.8613
0.8626
0.8707
0.8578
0.8337
0.8097
0.7973
0.8065
0.7988
0.7909
0.7930
0.7668
0.7462
0.7439
0.7779
