0.9091
0.9902
0.9632
0.9208
0.8699
0.8276
0.8184
0.8444
0.8751
0.8830
0.8692
0.8580
0.8730
0.9094
0.9456
0.9722
0.9896
0.9977
0.9998
1.0000
1.0000
1.0000
1.0000
1.0000
1.0000
1.0000
1.0000
1.0000
1.0000
1.0000
1.0000
0.9998
0.9977
0.9900
0.9771
0.9681
0.9673
0.9673
0.9681
0.9771
0.9900
0.9977
0.9998
1.0000
1.0000
1.0000
1.0000
1.0000
1.0000
1.0000
1.0000
1.0000
1.0000
1.0000
1.0000
0.9998
0.9972
0.9861
0.9609
0.9280
0.9028
0.8917
0.8891
0.8750
0.8750
0.8750
0.8745
0.8692
0.8500
0.8180
0.7982
0.8061
0.8245
0.8448
0.8745
0.8994
0.9004
0.8872
0.8779
0.8753
0.8753
0.8779
0.8878
0.9065
0.9276
0.9471
0.9665
0.9678
0.9475
0.8920
0.8251
0.8051
0.8004
0.8000
0.7996
0.9936
0.9686
0.8826
0.7841
0.7085
0.6751
0.6674
0.6667
0.5000
0.5000
0.5000
0.5000
0.5000
0.5000
