0.7143
0.8432
0.8893
0.8856
0.8498
0.8207
0.8146
0.8145
0.7999
0.7687
0.7313
0.7003
0.6878
0.6980
0.7191
0.7331
0.7373
0.7441
0.7557
0.7606
0.7564
0.7519
0.7525
0.7624
0.7882
0.8182
0.8182
0.8184
0.8205
0.8296
0.8500
0.8750
0.8886
0.8862
0.8820
0.8885
0.9000
0.9070
0.9089
0.9091
0.9091
0.9091
0.9091
0.9091
0.9091
0.9091
0.9091
0.9091
0.9091
0.9091
0.9091
0.9091
0.9091
0.9091
0.9089
0.9070
0.8996
0.8843
0.8638
0.8451
0.8372
0.8451
0.8638
0.8843
0.8996
0.9070
0.9089
0.9091
0.9091
0.9091
0.9091
0.9091
0.9091
0.9091
0.9089
0.9068
0.8979
0.8794
0.8616
0.8616
0.8794
0.8979
0.9068
0.9089
0.9091
0.9091
0.9091
0.9091
0.9091
0.9091
0.9091
0.9091
0.9091
0.9091
0.9089
0.9070
0.9000
0.8885
0.8822
0.8885
0.9000
0.9070
0.9089
0.9091
0.9091
0.9091
0.9091
0.9091
0.9091
0.9091
0.9091
0.9091
0.9091
0.9091
0.9091
0.9091
0.9091
0.9091
0.9091
0.9091
0.9091
0.9091
0.9091
0.9089
0.9070
0.9000
0.8885
0.8822
0.8885
0.9000
0.9070
0.9089
0.9091
0.9091
0.9091
0.9091
0.9091
0.9089
0.9070
0.9000
0.8885
0.8822
0.8885
0.9000
0.9070
0.9089
0.9091
0.9091
0.9091
0.9091
0.9091
0.9091
0.9091
0.9091
0.9091
0.9091
0.9091
0.9091
0.9091
0.9091
0.9091
0.9091
0.9091
0.9091
0.9091
0.9091
0.9091
0.9091
0.9091
0.9091
0.9091
0.9091
0.9091
0.9091
0.9091
0.9091
0.9091
0.9091
0.9091
0.9089
0.9068
0.8977
0.8771
0.8172
0.7689
0.7686
0.8908
0.9377
0.9745
0.9249
0.8504
0.7798
0.6825
0.6939
0.7250
0.7461
