0.8500
0.9240
0.9421
0.9448
0.9271
0.8978
0.8805
0.8803
0.9002
0.9088
0.9012
0.9167
0.9133
0.9167
0.9200
0.9168
0.9150
0.9195
0.9376
0.9477
0.9408
0.9162
0.8729
0.8213
0.8296
0.8622
0.8869
0.9068
0.9201
0.9411
0.9678
0.9865
0.9874
0.9771
0.9705
0.9771
0.9874
0.9835
0.9606
0.9280
0.9028
0.8917
0.8891
0.8889
0.8886
0.8863
0.8778
0.8637
0.8561
0.8637
0.8778
0.8872
0.8750
0.8750
0.8750
0.8750
0.8571
0.8568
0.8538
0.9830
0.9580
0.9302
0.9077
0.8963
0.9091
0.9448
0.9756
0.9787
0.9580
0.9341
0.9244
0.9341
0.9583
0.9830
0.9958
0.9954
0.9794
0.9425
0.8910
