0.9318
0.9274
0.9231
0.9197
0.9168
0.9159
0.9142
0.9120
0.9105
0.9098
0.9098
0.9103
0.9104
0.9103
0.9101
0.9111
0.9126
0.9136
0.9135
0.9126
0.9134
0.9158
0.9179
0.9177
0.9164
0.9153
0.9162
0.9176
0.9185
0.9182
0.9180
0.9189
0.9202
0.9216
0.9222
0.9218
0.9211
0.9201
0.9195
0.9200
0.9201
0.9199
0.9192
0.9189
0.9187
0.9190
0.9190
0.9187
0.9187
0.9192
0.9201
0.9197
0.9198
0.9197
0.9194
0.9196
0.9202
0.9206
0.9214
0.9223
0.9221
0.9208
0.9197
0.9190
0.9188
0.9189
0.9193
0.9194
0.9188
0.9176
0.9179
0.9173
0.9174
0.9178
0.9183
0.9186
0.9193
0.9193
0.9183
0.9164
0.9149
0.9140
0.9137
0.9142
0.9146
0.9149
0.9159
0.9160
0.9156
0.9144
0.9132
0.9124
0.9123
0.9113
0.9097
0.9097
0.9096
0.9095
0.9088
0.9081
0.9088
0.9096
0.9104
0.9112
0.9125
0.9127
0.9117
0.9086
0.9069
0.9022
0.8968
0.8956
0.8961
0.8960
0.8947
0.8937
0.8933
