0.9429
0.9329
0.9239
0.9345
0.9337
0.9366
0.9378
0.9337
0.9249
0.9233
0.9186
0.9166
0.9070
0.9049
0.8967
0.9114
0.9063
0.9012
0.9019
0.9096
0.9185
0.9209
0.9156
0.9071
0.9003
0.8978
0.9003
0.9073
0.9141
0.9273
0.9401
0.9467
0.9455
0.9425
0.9412
0.9370
0.9283
0.9217
0.9197
0.9123
0.9060
0.8988
0.9021
0.9073
0.9095
0.9021
0.8847
0.8680
0.8606
0.8622
0.8692
0.8772
0.8847
0.8926
0.8987
0.8978
0.8891
0.8804
0.8837
0.9000
0.9474
0.9474
0.9474
0.9474
0.9474
0.9474
0.9474
0.9474
0.9474
0.9474
0.9474
0.9474
0.9474
0.9474
0.9474
0.9473
0.9460
0.9408
0.9287
0.9121
0.8961
0.8841
0.8793
0.8828
0.8895
0.8935
0.8946
0.8947
0.8947
0.8947
0.8889
0.8889
0.8889
0.8888
0.8876
0.8833
0.8763
0.8725
0.8763
0.8833
0.8875
0.8805
0.8721
0.8479
0.8527
0.8315
0.7927
0.7921
0.7787
0.8131
0.8243
0.7375
0.7217
0.7131
0.7217
0.7375
0.7471
0.7143
