0.8214
0.8366
0.8556
0.8660
0.8616
0.8621
0.8373
0.8181
0.8687
0.8932
0.9012
0.8857
0.8629
0.8512
0.8500
0.8448
0.8327
0.8305
0.8523
0.8883
0.9145
0.9026
0.8848
0.8705
0.8654
0.8690
0.8752
0.8831
0.8940
0.9036
0.9523
0.9570
0.9632
0.9663
0.9621
0.9524
0.9426
0.9371
0.9345
0.9262
0.9108
0.9024
0.9107
0.9250
0.9285
0.9202
0.9105
0.9048
0.8990
0.8892
0.8799
0.8799
0.8892
0.8989
0.9036
0.9047
0.9049
0.9060
0.9106
0.9203
0.9296
0.9296
0.9203
0.9106
0.9060
0.9049
0.9500
0.9500
0.9500
0.9500
0.9500
0.9500
0.9500
0.9500
0.9500
0.9500
0.9500
0.9500
0.9500
0.9500
0.9500
0.9500
0.9500
0.9500
0.9500
0.9500
0.9500
0.9500
0.9500
0.9500
0.9500
0.9500
0.9500
0.9500
0.9500
0.9500
0.9500
0.9500
0.9500
0.9500
0.9499
0.9488
0.9450
0.9387
0.9352
0.9387
0.9450
0.9488
0.9499
0.9500
0.9500
0.9500
0.9500
0.9500
0.9500
0.9500
0.9499
0.9488
0.9449
0.9374
0.9291
0.9223
0.9189
0.9227
0.9336
0.9438
0.9486
0.9487
0.9450
0.9387
0.9352
0.9387
0.9450
0.9488
0.9499
0.9500
0.9500
0.9500
0.9500
0.9500
0.9500
0.9500
0.9500
0.9500
0.9500
0.9500
0.9500
0.9500
0.9474
0.9474
0.9474
0.9474
0.9474
0.9474
0.9473
0.9459
0.9395
0.9237
0.9027
0.8924
0.9027
0.9236
0.9382
0.9392
0.9234
0.8942
0.8613
0.9282
0.9037
0.8687
0.8291
0.7559
