0.8929
0.8586
0.8430
0.8426
0.8542
0.8679
0.8666
0.8704
0.8806
0.8965
0.9211
0.9489
0.9673
0.9742
0.9772
0.9819
0.9832
0.9753
0.9576
0.9706
0.9696
0.9687
0.9682
0.9676
0.9722
0.9778
0.9855
0.9894
0.9868
0.9843
0.9881
0.9947
0.9987
0.9987
0.9946
0.9866
0.9766
0.9640
0.9461
0.9253
0.9062
0.8926
0.8882
0.8908
0.8949
0.8999
0.9067
0.9103
0.9067
0.8999
0.8947
0.8895
0.8816
0.8739
0.8709
0.8739
0.8815
0.8881
0.8882
0.8828
0.8805
0.8894
0.9080
0.9276
0.9406
0.9460
0.9473
0.9474
0.9474
0.9474
0.9474
0.9474
0.9474
0.9474
0.9474
0.9474
0.9474
0.9474
0.9474
0.9474
0.9474
0.9474
0.9474
0.9474
0.9473
0.9461
0.9421
0.9354
0.9318
0.9354
0.9421
0.9460
0.9460
0.9419
0.9329
0.9199
0.9050
0.8925
0.8882
0.8907
0.8937
0.8901
0.8944
0.9015
0.9052
0.9001
0.8876
0.8720
0.8600
0.8599
0.8709
0.8833
0.8930
0.9014
0.9053
0.9016
0.8959
0.8970
0.9070
0.9165
0.9108
0.8862
0.8541
0.8277
0.8117
0.8040
0.8043
0.8156
0.8316
0.8405
0.8450
0.8457
0.8633
0.8822
0.9001
0.9128
0.9116
0.8943
0.8703
0.8518
0.8456
0.8469
0.8444
0.8335
0.8209
0.8162
0.8190
0.8223
0.8233
0.8220
0.8161
0.8028
0.7856
0.7736
0.7735
0.7841
0.7954
0.7956
0.7853
0.7780
0.7810
0.7896
0.7988
0.8087
0.8175
0.8222
0.8234
0.8234
0.8222
0.8176
0.8101
0.8048
0.8043
0.8043
0.8048
0.8101
0.8176
0.8222
0.8234
0.8234
0.8222
0.8178
0.8116
0.8122
0.8250
0.8424
0.8562
0.8674
0.8763
0.8810
0.8822
0.8825
0.8838
0.8896
0.9017
0.9146
0.9203
0.9208
0.9205
0.9159
0.9076
0.9029
0.9012
0.8958
0.8884
0.8850
0.8871
0.8910
0.8909
0.8858
0.8788
0.8724
0.8676
0.8630
0.8580
0.8570
0.8663
0.8867
0.9056
0.9044
0.8822
0.8589
0.8440
0.8547
0.8673
0.8733
0.8733
0.8673
0.8546
0.8424
0.8424
0.8543
0.8642
0.8594
0.8403
0.8239
0.8282
0.8480
0.8627
0.8576
0.8308
0.7942
0.7673
0.7610
0.7723
0.7905
0.8047
0.8109
0.8122
0.8110
0.8062
0.7983
0.7940
0.7983
0.8062
0.8110
0.8122
0.8110
0.8062
0.7983
0.7940
0.7983
0.8062
0.8110
0.8124
0.8125
0.8125
0.8000
0.8000
0.7999
0.7983
0.7916
0.7767
0.7584
0.7485
0.7520
0.7631
0.7788
0.8000
0.8211
0.8355
0.8429
0.8429
0.8355
0.8212
0.8016
0.7856
0.7796
0.7767
0.7704
0.7613
0.7501
0.7402
0.7349
0.7335
0.7335
0.7350
0.7417
0.7568
0.7764
0.7901
0.7916
0.7309
0.7254
0.7311
0.7417
0.7252
0.7271
0.7273
0.7273
0.7273
