1.0000
0.9599
0.9534
0.9645
0.9728
0.9522
0.9123
0.8830
0.8799
0.8902
0.8977
0.8998
0.9000
0.9000
0.9000
0.8998
0.8975
0.8874
0.8648
0.8354
0.8151
0.8151
0.8352
0.8624
0.8774
0.8748
0.8702
0.8773
0.8900
0.8977
0.8996
0.8975
0.8752
0.8526
0.8309
0.8309
0.8523
0.8724
0.8721
0.8495
0.8169
0.7917
0.7806
0.7780
0.7778
0.7778
0.7778
0.7778
0.7778
0.7778
0.7778
0.7778
0.7778
0.7778
0.7778
0.7778
0.7778
0.7778
0.7778
0.7778
0.7778
0.7778
0.7778
0.7778
0.7778
0.7778
0.7778
0.7778
0.7778
0.7778
0.7778
0.7778
0.7778
0.7778
0.7775
0.7750
0.7641
0.7415
0.7198
0.7198
0.7415
0.7641
0.7750
0.7775
0.7778
0.7778
0.7778
0.7778
0.7778
0.7778
0.7778
0.7778
0.7778
0.7778
0.7778
0.7778
0.7778
0.7778
0.7778
0.7778
0.7778
0.7778
0.8750
0.8750
0.8747
0.8721
0.8625
0.8467
0.8381
0.8467
0.8625
0.8721
0.8747
0.8750
0.8750
0.8750
0.8571
0.8571
0.8571
0.8571
0.8571
0.8575
0.8608
0.8751
0.9075
0.9480
0.9716
0.9622
0.9508
0.9622
0.9833
0.9961
0.9996
1.0000
1.0000
1.0000
1.0000
1.0000
1.0000
1.0000
1.0000
1.0000
1.0000
1.0000
1.0000
1.0000
1.0000
0.9996
0.9953
0.9800
0.9547
0.9409
0.9547
0.9800
0.9953
0.9996
1.0000
1.0000
1.0000
1.0000
1.0000
1.0000
1.0000
1.0000
1.0000
1.0000
1.0000
1.0000
1.0000
1.0000
