0.9333
0.9219
0.9041
0.8767
0.8312
0.7794
0.7338
0.7047
0.7085
0.7547
0.8927
0.9337
0.9344
0.9219
0.9200
0.9326
0.9547
0.9604
0.9748
0.9874
0.9877
0.9771
0.9705
0.9773
0.9900
0.9975
0.9975
0.9900
0.9773
0.9705
0.9773
0.9900
0.9977
0.9998
1.0000
1.0000
1.0000
1.0000
1.0000
0.9998
0.9974
0.9889
0.9744
0.9651
0.9725
1.0000
1.0000
1.0000
1.0000
1.0000
1.0000
1.0000
1.0000
1.0000
1.0000
1.0000
1.0000
1.0000
1.0000
1.0000
1.0000
1.0000
1.0000
1.0000
1.0000
1.0000
1.0000
1.0000
0.9996
0.9961
0.9833
0.9618
0.9465
0.9417
0.9289
0.9091
0.9126
0.9455
0.9794
0.9958
0.9993
0.9953
0.9800
0.9547
0.9409
0.9547
0.9800
0.9922
