0.9409
0.9381
0.9323
0.9281
0.9266
0.9245
0.9211
0.9179
0.9145
0.9116
0.9079
0.9025
0.9002
0.9014
0.9034
0.9042
0.9062
0.9103
0.9201
0.9211
0.9183
0.9133
0.9096
0.9088
0.9109
0.9143
0.9174
0.9180
0.9174
0.9180
0.9202
0.9223
0.9245
0.9267
0.9281
0.9295
0.9307
0.9329
0.9362
0.9387
0.9374
0.9334
0.9304
0.9293
0.9339
0.9319
0.9354
0.9365
0.9387
0.9413
0.9426
0.9428
0.9432
0.9429
0.9422
0.9422
0.9420
0.9401
0.9360
0.9333
0.9334
0.9347
0.9353
0.9354
0.9360
0.9384
0.9410
0.9419
0.9412
0.9393
0.9353
0.9353
0.9324
0.9304
0.9295
0.9285
0.9264
0.9231
0.9197
0.9187
0.9175
0.9164
0.9163
