0.9269
0.9162
0.9077
0.9018
0.8964
0.8908
0.8867
0.8844
0.8825
0.8824
0.8832
0.8856
0.8882
0.8899
0.8917
0.8925
0.8931
0.8941
0.8957
0.8968
0.8962
0.8962
0.8959
0.8977
0.8992
0.9016
0.9027
0.9018
0.9012
0.9005
0.9004
0.9000
0.8985
0.8967
0.8954
0.8955
0.8954
0.8952
0.8944
0.8933
0.8927
0.8930
0.8940
0.8947
0.8942
0.8935
0.8926
0.8924
0.8918
0.8908
0.8908
0.8897
0.8890
0.8895
0.8908
0.8932
0.8945
0.8941
0.8937
0.8927
0.8931
0.8934
0.8935
0.8939
0.8950
0.8959
0.8961
0.8971
0.8970
0.8970
0.8970
0.8975
0.8978
0.8982
0.8988
0.8991
0.8983
0.8968
0.8959
0.8968
0.8978
0.9006
0.9012
0.8997
0.8967
0.8955
0.8938
0.8928
0.8912
0.8918
0.8907
0.8903
0.8917
0.8927
0.8909
0.8890
0.8873
0.8868
0.8867
0.8871
0.8876
0.8841
0.8842
0.8857
0.8853
0.8860
0.8849
0.8840
0.8845
0.8856
0.8843
0.8841
0.8825
0.8830
0.8835
0.8859
0.8868
0.8844
0.8808
0.8799
0.8773
0.8784
