0.8500
0.8758
0.8964
0.9080
0.9263
0.9365
0.9439
0.9527
0.9626
0.9717
0.9692
0.9610
0.9625
0.9767
0.9910
0.9965
0.9927
0.9838
0.9773
0.9826
0.9923
0.9982
0.9997
0.9980
0.9903
0.9729
0.9502
0.9327
0.9249
0.9215
0.9154
0.9056
0.9002
0.9037
0.9057
0.8944
0.8749
0.8635
0.8657
0.8710
0.8733
0.8809
0.8978
0.9136
0.9979
0.9998
0.9998
0.9977
0.9876
0.9623
0.9271
0.9027
0.9020
0.9188
0.9420
0.9600
0.9602
0.9439
0.9269
0.9188
0.9168
0.9167
0.9167
0.9168
0.9186
0.9252
0.9375
0.9496
0.9546
0.9518
0.9480
0.9545
0.9726
0.9888
0.9977
0.9998
1.0000
1.0000
1.0000
1.0000
1.0000
1.0000
1.0000
1.0000
