0.9250
0.9341
0.9363
0.9252
0.9019
0.8801
0.8564
0.8302
0.8104
0.8091
0.8263
0.8446
0.8411
0.8319
0.8269
0.8297
0.8382
0.8469
0.8515
0.8520
0.8486
0.8396
0.8272
0.8185
0.8177
0.8213
0.8250
0.8257
0.8182
0.8015
0.7855
0.7809
0.7883
0.8009
0.8124
0.8191
0.8198
0.8159
0.8098
0.8005
0.7811
0.7700
0.7673
0.7707
0.7772
0.7893
0.8054
0.8142
0.8105
0.8054
0.8082
0.8105
0.8039
0.7930
0.7813
0.7641
0.7642
0.7556
0.7566
0.7599
0.7500
0.7374
0.7285
0.7216
0.7336
0.7482
0.7578
0.7567
0.7484
0.7441
0.7482
0.7545
0.7587
0.7632
0.7718
0.7776
0.7868
0.7998
0.8089
0.8070
0.7972
0.7857
0.7740
0.7627
0.7552
0.7816
0.7826
0.7803
0.7752
0.7940
0.7928
0.7892
0.7841
0.7819
0.7842
0.7900
0.7959
0.7990
0.7990
0.7960
0.7909
0.7882
0.7910
0.7969
0.8032
0.8100
0.8168
0.8232
0.8299
0.8359
0.8391
0.8399
0.8400
0.8400
0.8400
0.8399
0.8324
0.8293
0.8252
0.8253
0.8261
0.8261
0.8261
0.8261
0.8261
0.8261
0.8261
0.8261
0.8261
0.8182
0.8182
0.8182
0.8182
0.8182
0.8182
0.8182
0.8181
0.8171
0.8136
0.8079
0.8048
0.8079
0.8136
0.8171
0.8181
0.8182
0.8182
0.8182
0.8182
0.8182
0.8181
0.8170
0.8125
0.8022
0.7887
0.7784
0.7739
0.7728
0.7727
0.7727
0.7727
0.7727
0.7727
0.7726
0.7716
0.7672
0.7581
0.7479
0.7311
0.7203
0.7155
0.7144
0.7143
0.7143
0.7143
0.7143
0.7144
0.7155
0.7063
0.7176
0.7324
0.7437
0.7487
0.7499
0.7500
0.7500
0.7500
0.7500
0.7500
0.7500
0.7500
0.7500
0.7500
0.7500
0.7500
0.7500
0.7500
0.7500
0.7500
0.7500
0.7501
0.7513
0.7563
0.7676
0.7824
0.7936
0.7975
0.7936
0.7823
0.7664
0.7513
0.7399
0.7352
0.7374
0.7251
0.7184
0.7091
0.7090
0.7195
