0.9206
0.9109
0.8988
0.8911
0.8979
0.8980
0.8970
0.8957
0.8949
0.9009
0.9030
0.9053
0.9062
0.9180
0.9236
0.9332
0.9425
0.9473
0.9483
0.9462
0.9458
0.9490
0.9528
0.9547
0.9540
0.9617
0.9615
0.9598
0.9571
0.9540
0.9518
0.9508
0.9510
0.9566
0.9568
0.9554
0.9538
0.9528
0.9526
0.9515
0.9488
0.9463
0.9524
0.9535
0.9527
0.9504
0.9482
0.9474
0.9465
0.9420
0.9411
0.9370
0.9337
0.9322
0.9313
0.9313
0.9327
0.9354
0.9376
0.9366
0.9345
0.9335
0.9337
0.9341
0.9338
0.9344
0.9354
0.9366
0.9381
0.9397
0.9413
0.9426
0.9440
0.9451
0.9445
0.9416
0.9380
0.9409
0.9424
0.9428
0.9420
0.9403
0.9394
0.9394
0.9391
0.9374
0.9357
0.9356
0.9369
0.9375
0.9348
0.9242
0.9188
0.9041
0.8815
0.8776
0.8667
0.8705
0.8913
0.8899
0.8832
0.8820
0.8870
0.9111
0.9103
0.9102
0.9194
0.9156
0.9342
0.9276
0.9198
0.9180
