0.9375
0.9558
0.9696
0.9774
0.9763
0.9645
0.9430
0.9177
0.8989
0.8916
0.9001
0.9285
0.9697
0.9771
0.9846
0.9933
0.9983
0.9980
0.9899
0.9683
0.9350
0.9069
0.9002
0.9117
0.9251
0.9316
0.9332
0.9333
1.0000
1.0000
0.9998
0.9983
0.9929
0.9838
0.9789
0.9838
0.9929
0.9983
0.9997
0.9982
0.9921
0.9790
0.9651
0.9539
0.9478
0.9507
0.9559
0.9516
0.9471
0.9603
0.9888
0.9888
0.9792
0.9705
0.9773
0.9900
0.9977
0.9998
1.0000
1.0000
1.0000
1.0000
1.0000
0.9998
0.9975
0.9877
0.9673
0.9478
0.9478
0.9673
0.9874
0.9951
0.9898
0.9773
0.9705
0.9773
0.9900
0.9977
0.9998
1.0000
1.0000
1.0000
1.0000
1.0000
1.0000
1.0000
1.0000
1.0000
1.0000
1.0000
1.0000
1.0000
0.9996
0.9953
0.9800
0.9544
0.9384
0.9421
0.9448
0.9306
0.9119
0.9002
0.8900
0.8750
0.8604
0.8547
0.8607
0.8775
0.9021
0.9304
0.9508
0.9442
0.9998
0.9974
0.9889
0.9748
0.9672
0.9748
0.9889
0.9974
0.9998
1.0000
1.0000
1.0000
1.0000
1.0000
0.9998
0.9972
0.9846
0.9591
0.9347
0.9347
0.9591
0.9846
0.9968
0.9997
1.0000
0.9997
0.9968
0.9846
0.9591
0.9342
0.9309
0.9462
0.9676
0.9578
0.9547
0.9800
0.9969
1.0000
1.0000
1.0000
1.0000
