0.8148
0.8380
0.8581
0.8725
0.8750
0.8609
0.8664
0.8550
0.8610
0.8815
0.9352
0.9500
0.9509
0.9466
0.9437
0.9467
0.9522
0.9554
0.9554
0.9500
0.9442
0.9410
0.9432
0.9454
0.9432
0.9409
0.9431
0.9444
0.9386
0.9307
0.9308
0.9396
0.9479
0.9488
0.9442
0.9422
0.9488
0.9604
0.9680
0.9693
0.9693
0.9680
0.9603
0.9477
0.9376
0.9338
0.9345
0.9341
0.9293
0.9267
0.9348
0.9489
0.9582
0.9556
0.9503
0.9523
0.9653
0.9800
0.9843
0.9761
0.9669
0.9664
0.9704
0.9703
0.9654
0.9632
0.9703
0.9832
0.9928
0.9927
0.9820
0.9644
0.9475
0.9384
0.9368
0.9356
0.9312
0.9247
0.9168
0.9096
0.9059
0.9002
0.9013
0.9063
0.9176
0.9324
0.9437
0.9487
0.9499
0.9499
0.9488
0.9450
0.9387
0.9353
0.9392
0.9465
0.9488
0.9540
0.9659
0.9815
0.9934
0.9987
0.9998
0.9987
0.9934
0.9813
0.9647
0.9488
0.9380
0.9373
0.9487
0.9643
0.9766
0.9866
0.9946
0.9987
0.9987
0.9946
0.9868
0.9791
0.9749
0.9739
0.9749
0.9790
0.9855
0.9880
0.9804
0.9669
0.9581
0.9567
0.9577
0.9623
0.9748
0.9894
0.9974
0.9985
0.9947
0.9880
0.9831
0.9816
0.9775
0.9713
0.9724
0.9828
0.9935
0.9987
0.9999
0.9999
0.9988
0.9947
0.9881
0.9844
0.9881
0.9947
0.9988
0.9999
1.0000
1.0000
1.0000
1.0000
1.0000
1.0000
1.0000
1.0000
1.0000
1.0000
1.0000
1.0000
1.0000
1.0000
1.0000
0.9999
0.9987
0.9933
0.9802
0.9605
0.9407
0.9265
0.9170
0.9080
0.9001
0.8960
0.8949
0.8947
0.8949
0.8961
0.9013
0.9133
0.9288
0.9406
0.9448
0.9389
0.9333
0.9350
0.9514
0.9747
0.9904
0.9929
0.9873
0.9836
0.9874
0.9944
0.9987
0.9999
0.9999
0.9986
0.9930
0.9804
0.9640
0.9513
0.9446
0.9390
0.9318
0.9280
0.9318
0.9389
0.9430
0.9430
0.9389
0.9318
0.9280
0.9318
0.9389
0.9432
0.9443
0.9444
0.9444
0.9444
0.9444
0.9444
0.9444
0.9444
0.9444
0.9444
0.9444
0.9444
0.9444
0.9444
0.9444
0.9444
0.9444
0.9444
0.9444
0.9444
0.9444
0.9444
0.9444
0.9444
0.9444
0.9444
0.9444
0.9444
0.9444
0.9444
0.9444
0.9443
0.9430
0.9376
0.9263
0.9154
0.9154
0.9263
0.9376
0.9430
0.9443
0.9444
0.9444
0.9444
0.9444
0.9444
0.9444
0.9443
0.9430
0.9375
0.9249
0.9085
0.8960
0.8917
0.8960
0.9085
0.9249
0.9375
0.9429
0.9430
0.9389
0.9316
0.9253
0.9194
0.9080
0.8963
0.8959
0.9026
0.9073
0.9139
0.9262
0.9376
0.9430
0.9442
0.9432
0.9389
0.9318
0.9280
0.9316
0.9363
0.9320
0.9191
0.9116
0.9190
0.9305
0.9279
0.9046
0.9164
0.9072
0.8922
0.8878
0.8922
0.9014
0.9112
0.9217
0.9311
0.9360
0.9374
0.9375
0.9375
0.9375
0.9375
0.9375
0.9375
0.9375
0.9375
0.9376
0.9391
0.9453
0.9594
0.9765
0.9858
0.9826
0.9736
0.9638
0.9533
0.9439
0.9391
0.9391
0.9439
0.9531
0.9622
0.9656
0.9593
0.9409
0.9144
0.9159
0.9550
0.9565
0.9310
0.8818
0.8202
0.7959
0.7980
0.8091
0.8161
0.8182
