0.9000
0.8699
0.8450
0.8364
0.8151
0.7898
0.7795
0.8024
0.8251
0.8341
0.8187
0.7818
0.7578
0.7594
0.7797
0.8164
0.8141
0.7887
0.8079
0.8015
0.7943
0.7888
0.7797
0.7941
0.7991
0.8011
0.8083
0.8232
0.8400
0.8524
0.8548
0.8457
0.8317
0.8154
0.8106
0.8078
0.8069
0.8132
0.8293
0.8509
0.8732
0.8945
0.9103
0.9143
0.8941
0.8798
0.8704
0.8672
0.9042
0.9100
0.9159
0.9191
0.9199
0.9198
0.9180
0.9100
0.8918
0.8683
0.8510
0.8472
0.8578
0.8750
0.8872
0.8930
0.8925
0.8906
0.8938
0.9019
0.9064
0.9019
0.8938
0.8897
0.8879
0.8808
0.9031
0.9087
0.9120
0.9129
0.9120
0.9087
0.9032
0.9001
0.9021
0.9033
0.8977
0.8892
0.8860
0.8890
0.8948
0.9021
0.9086
0.9120
0.9129
0.9130
0.9130
0.9129
0.9120
0.9086
0.9021
0.8948
0.8839
0.8808
0.8844
0.8953
0.9092
0.9239
0.9384
0.9488
0.9533
0.9534
0.9500
0.9442
0.9411
0.9442
0.9499
0.9523
0.9487
0.9386
0.9262
0.9193
0.9206
0.9225
0.9183
0.9092
0.9009
0.9004
0.9101
0.9224
0.9276
0.9223
0.9091
0.8957
0.8885
0.8867
0.8874
0.8910
0.8976
0.9034
0.9035
0.8986
0.8946
0.8941
0.8931
0.8889
0.8828
0.8763
0.8739
0.8796
0.8886
0.8931
0.8945
0.8987
0.9045
0.9080
0.9090
0.9091
0.9091
0.9524
0.9524
0.9523
0.9512
0.9465
0.9368
0.9276
0.9286
0.9417
0.9584
0.9700
0.9740
0.9724
0.9702
0.9728
0.9785
0.9786
0.9725
0.9726
0.9785
0.9813
0.9789
0.9770
0.9793
0.9868
1.0000
1.0000
1.0000
1.0000
1.0000
1.0000
1.0000
1.0000
1.0000
0.9999
0.9987
0.9935
0.9828
0.9718
0.9664
0.9578
0.9327
0.8851
0.8413
0.7912
0.7490
0.7058
0.6092
