0.9143
0.9067
0.8890
0.8742
0.8668
0.8631
0.8598
0.8591
0.8596
0.8579
0.8546
0.8462
0.8456
0.8548
0.8765
0.8896
0.8877
0.8782
0.8736
0.8781
0.8770
0.8833
0.8891
0.8875
0.8816
0.8785
0.8781
0.9080
0.9086
0.9110
0.9123
0.9103
0.9060
0.9036
0.9060
0.9111
0.9156
0.9171
0.9102
0.8916
0.8908
0.8861
0.8909
0.9028
0.9100
0.9054
0.8947
0.8839
0.8742
0.8678
0.8645
0.8604
0.8556
0.8537
0.8566
0.8649
0.8758
0.8842
0.8879
0.8844
0.8836
0.8789
0.8673
0.8460
0.8379
0.8460
0.8565
0.8697
0.8837
0.8966
0.9443
0.9431
0.9410
0.9442
0.9501
0.9546
0.9602
0.9705
0.9829
0.9896
0.9873
0.9787
0.9677
0.9536
0.9432
0.9426
0.9465
0.9452
0.9344
0.9167
0.8988
0.8872
0.8786
0.8853
0.9000
0.9147
0.9215
0.9198
0.9136
0.9090
0.9026
0.8865
0.8784
0.8686
0.8616
0.8884
0.9308
0.9458
0.9705
0.9861
0.9842
0.9582
