0.9828
0.9343
0.9047
0.8917
0.8893
0.8905
0.8906
0.8880
0.8968
0.8970
0.8972
0.8991
0.9041
0.9040
0.8974
0.8922
0.8950
0.9010
0.8994
0.8937
0.8897
0.8914
0.8947
0.8890
0.9011
0.8848
0.8775
0.8830
0.8965
0.9080
0.9111
0.9092
0.9036
0.8995
0.8989
0.8991
0.8969
0.8905
0.8804
0.8707
0.8640
0.8590
0.8558
0.8564
0.8606
0.8665
0.8724
0.8750
0.8730
0.8705
0.8722
0.8855
0.8958
0.9062
0.9110
0.9091
0.9042
0.8985
0.8904
0.8800
0.8685
0.8632
0.8590
0.8606
0.8585
0.8584
0.8616
0.8712
0.8833
0.8892
0.9028
0.9011
0.8978
0.9001
0.9097
0.9210
0.9278
0.9283
0.9238
0.9177
0.9148
0.9177
0.9238
0.9284
0.9283
0.9215
0.9133
0.9064
0.9036
0.9034
0.9006
0.9000
0.8969
0.8877
0.8743
0.8841
0.8867
0.8914
0.8932
0.8909
0.8852
0.8757
0.8619
0.8556
0.8539
0.8524
0.8513
0.8544
0.8586
0.8569
0.8507
0.8435
0.8442
0.8456
0.8460
0.8449
0.8625
0.8532
0.8442
0.8421
0.8462
0.8499
0.8506
0.8502
0.8485
0.8454
0.8456
0.8505
0.8763
0.8725
0.8661
0.8627
0.8651
0.8700
0.8688
0.8591
0.8477
0.8441
0.8536
0.8707
0.8806
0.8840
0.8796
0.8737
0.8709
0.8701
0.8682
0.8673
0.8709
0.8764
0.8790
0.8793
0.8790
0.8763
0.8702
0.8607
0.8579
0.8573
0.8578
0.8601
0.8643
0.8685
0.8708
0.8720
0.8743
0.8786
0.8828
0.8850
0.8855
0.8844
0.8799
0.8720
0.8614
0.8602
0.8647
0.8751
0.8867
0.8887
0.9037
0.9069
0.9119
0.9159
0.9175
0.9149
0.9054
0.8933
0.8871
0.8903
0.8985
0.9053
0.9083
0.9090
0.9062
0.9062
0.9056
0.9038
0.9021
0.9028
0.9044
0.9314
0.9346
0.9345
0.9299
0.9168
0.8959
0.8768
0.8634
0.8618
0.8579
0.8591
0.8674
0.8805
0.8871
0.8887
0.8889
0.8846
0.8846
0.8846
0.8846
0.8846
0.8846
0.8846
0.8846
0.8846
0.8846
0.8846
0.8846
0.8846
0.8845
0.8837
0.8807
0.8747
0.8667
0.8556
0.8431
0.8390
0.8458
0.8500
0.8463
0.8450
0.8493
0.8460
0.8278
0.8114
0.8110
0.8230
0.8341
0.8388
0.8389
0.8350
0.8260
0.8152
0.8111
0.8200
0.8390
0.8548
0.8538
0.8339
0.8049
0.7801
0.7661
0.7610
0.7591
0.7551
0.7469
0.7389
0.7372
0.7378
0.7309
0.7163
0.7028
0.6962
0.6994
0.7008
0.7221
0.7446
0.7603
0.7648
0.7632
0.7679
0.7853
0.8038
0.8052
0.7853
0.7561
0.7337
0.7268
0.7329
0.7361
0.7511
0.7585
0.7578
0.7597
0.7684
0.7671
0.7716
0.7726
0.7727
0.8095
0.8095
0.8094
0.8084
0.8048
0.7987
0.7955
0.7987
0.8049
0.8094
0.8129
0.8132
0.8022
0.7799
0.7643
0.7679
0.7776
0.7654
0.7451
0.7501
0.7682
0.7870
0.8001
0.8062
0.8080
0.8132
0.8236
0.8302
0.8276
0.8211
0.8170
0.8160
0.8170
0.8211
0.8277
0.8315
0.8289
0.8264
0.8302
0.8368
0.8409
0.8420
0.8421
0.8422
0.8434
0.8486
0.8593
0.8696
0.8696
0.8598
0.8403
0.8347
0.8335
0.8333
0.8333
0.8333
0.8333
0.8333
0.8333
0.8234
0.8222
0.8176
0.8100
0.8050
0.8090
0.8125
0.8125
0.8125
0.8125
0.8125
0.8125
0.8125
0.8124
0.8110
0.8062
0.7985
0.7958
0.8078
0.8361
0.8734
0.9060
0.9217
0.9200
0.9109
0.8997
0.8829
0.8594
0.8360
0.8205
0.8135
0.8667
0.8667
0.8667
0.8667
0.8667
0.8667
0.8667
0.8667
0.8667
0.8665
0.8651
0.8600
0.8516
0.8468
0.8391
0.8410
0.8303
0.8107
0.7947
0.7875
0.7857
0.7839
0.7597
0.7441
0.7291
0.7291
0.7441
0.7597
0.7673
0.7691
0.7692
0.7692
0.7692
0.7692
0.7692
0.7692
0.7692
0.7692
0.7692
0.7692
0.7691
0.7671
0.7576
0.7326
0.6943
0.6618
0.6541
0.6673
0.6828
0.6907
0.6959
0.7098
0.7388
0.7745
0.8039
0.8223
0.8228
0.7904
0.7267
0.6681
0.6560
0.6887
0.7310
0.7575
0.7671
0.7689
0.7676
0.7635
0.7614
0.7736
0.8014
0.8268
0.8328
0.8187
0.7794
0.7605
0.7521
0.7502
0.7500
0.7498
0.7481
0.7417
0.7309
0.7234
0.7229
0.7251
0.7357
0.7667
0.8064
0.8288
0.8358
0.8520
0.8809
0.9045
0.9144
0.9165
0.9167
0.9167
0.9167
0.9167
0.9167
0.9167
0.9165
0.9147
0.9086
0.9003
0.9005
0.9091
0.9091
0.9091
0.9091
0.9091
0.9091
0.9091
0.9091
0.9091
0.9091
0.9089
0.9070
0.9000
0.8885
0.8822
0.8885
0.9000
0.9070
0.9089
0.9091
0.9091
0.9091
0.9091
0.9091
0.9089
0.9066
0.8956
0.8680
0.8296
0.8029
0.8022
0.8207
0.8481
0.8769
0.8977
0.9068
0.9089
0.9091
0.9091
0.9091
0.9091
0.9093
0.9116
0.9226
0.9509
1.0000
1.0000
