0.8667
0.8908
0.9057
0.9132
0.9096
0.8934
0.8915
0.9008
0.9097
0.9077
0.8981
0.8896
0.8845
0.9111
0.9100
0.9089
0.9104
0.9178
0.9187
0.9148
0.9165
0.9272
0.9385
0.9424
0.9388
0.9300
0.9188
0.9138
0.9229
0.9396
0.9520
0.9560
0.9520
0.9385
0.9177
0.9002
0.8969
0.9074
0.9219
0.9320
0.9345
0.9290
0.9176
0.9086
0.9083
0.9136
0.9209
0.9313
0.9412
0.9512
0.9565
0.9619
0.9718
0.9847
0.9945
0.9988
0.9988
0.9944
0.9836
0.9665
0.9479
0.9359
0.9382
0.9512
0.9597
0.9555
0.9490
0.9530
0.9665
0.9781
0.9781
0.9664
0.9520
0.9447
0.9457
0.9468
0.9414
0.9346
0.9370
0.9457
0.9443
0.9271
0.9093
0.9065
0.9195
0.9355
0.9531
0.9649
0.9737
0.9818
0.9807
0.9677
0.9586
0.9671
0.9857
0.9869
0.9846
0.9843
0.9832
0.9787
0.9713
0.9606
0.9499
0.9404
0.9322
0.9188
0.9116
0.9158
0.9107
0.8928
0.9108
0.9043
0.8737
0.8548
