0.8333
0.8559
0.8698
0.8691
0.8525
0.8244
0.7931
0.7674
0.7610
0.7620
0.7698
0.7852
0.8028
0.8139
0.8165
0.8190
0.8251
0.8290
0.8276
0.8228
0.8169
0.8141
0.8180
0.8276
0.8390
0.8480
0.8499
0.8429
0.8328
0.8276
0.8309
0.8362
0.8434
0.8526
0.8579
0.8617
0.8602
0.8583
0.8508
0.8504
0.8494
0.8407
0.8256
0.8153
0.8163
0.8229
0.8273
0.8292
0.8322
0.8386
0.8470
0.8529
0.8536
0.8506
0.8486
0.8501
0.8522
0.8535
0.8580
0.8663
0.8727
0.8752
0.8755
0.8728
0.8665
0.8607
0.8586
0.8608
0.8672
0.8756
0.8821
0.8850
0.8857
0.8857
0.8857
0.8857
0.8857
0.8857
0.8857
0.8857
0.8857
0.8850
0.8822
0.8765
0.8693
0.8582
0.8396
0.8176
0.7995
0.7912
0.7890
0.7868
0.7854
0.7874
0.7911
0.7927
0.7909
0.8023
0.8125
0.8228
0.8335
0.8437
0.8538
0.8624
0.8640
0.8560
0.8447
0.8363
0.8276
0.8396
0.8428
0.8501
0.8596
0.8670
0.8711
0.8742
0.8742
0.8700
0.8674
0.8667
0.8667
0.8666
0.8659
0.8633
0.8591
0.8569
0.8600
0.8674
0.8769
0.8857
0.8924
0.9010
0.9139
0.9250
0.9276
0.9223
0.9159
0.9156
0.9215
0.9274
0.9215
0.9131
0.9033
0.8951
0.8923
0.8901
0.8920
0.8919
0.8892
0.8839
0.8778
0.8722
0.8661
0.8606
0.8563
0.8502
0.8419
0.8404
0.8527
0.8696
0.8786
0.8812
0.8846
0.8885
0.8885
0.8847
0.8823
0.8848
0.8892
0.8911
0.8884
0.8812
0.8742
0.8742
0.8812
0.8885
0.8919
0.8928
0.8929
0.8929
0.8929
0.8929
0.8889
0.8889
0.8888
0.8880
0.8851
0.8796
0.8742
0.8712
0.8705
0.8712
0.8732
0.8749
0.8712
0.8603
0.8481
0.8427
0.8472
0.8565
0.8619
0.8602
0.8556
0.8527
0.8519
0.8519
0.8519
0.8519
0.8519
0.8519
0.8519
0.8527
0.8556
0.8611
0.8663
0.8672
0.8629
0.8547
0.8413
0.8384
0.8657
0.8523
0.8224
0.8263
0.8333
0.8285
0.8500
0.8112
0.7943
0.8044
0.8163
0.8226
