0.8387
0.8199
0.8207
0.8349
0.8543
0.8736
0.8828
0.8704
0.8483
0.8669
0.8606
0.8548
0.8534
0.8579
0.8636
0.8960
0.8886
0.8788
0.8675
0.8471
0.8209
0.8065
0.8130
0.8263
0.8468
0.8588
0.8616
0.8593
0.8882
0.8928
0.8951
0.9031
0.9208
0.9399
0.9480
0.9409
0.9260
0.9182
0.9259
0.9400
0.9449
0.9347
0.9172
0.9019
0.8914
0.8835
0.9086
0.9402
0.9467
0.9456
0.9436
0.9467
0.9522
0.9555
0.9564
0.9565
0.9565
0.9563
0.9544
0.9468
0.9325
0.9210
0.9240
0.9380
0.9501
0.9553
0.9564
0.9565
0.9565
0.9565
0.9544
0.9535
0.9499
0.9432
0.9365
0.9329
0.9319
0.9317
0.9308
0.9272
0.9206
0.9096
0.9059
0.9048
0.9037
0.9450
0.9387
0.9352
0.9387
0.9450
0.9487
0.9486
0.9437
0.9324
0.9176
0.9063
0.9013
0.9001
0.9000
0.9000
0.9000
0.9000
0.9000
0.9000
0.9000
0.9000
0.9000
0.9000
0.9000
0.9000
0.9000
0.9000
0.9000
0.9000
0.9000
0.9000
0.9000
0.9000
0.9000
0.9000
0.8999
0.8987
0.8937
0.8824
0.8676
0.8563
0.8513
0.8501
0.8500
0.8500
0.8500
0.8500
0.8501
0.8513
0.8563
0.8677
0.8837
0.8946
0.9107
0.9233
0.9276
0.9252
0.9234
0.9265
0.9342
0.9388
0.9432
0.9443
0.9443
0.9429
0.9362
0.9189
0.9412
0.9412
0.9412
0.9412
0.9412
0.9412
0.9412
0.9412
0.9412
0.9412
0.9412
0.9412
0.9412
0.9412
0.9412
0.9412
0.9412
0.9412
0.9412
0.9412
0.9412
0.9412
0.9412
0.9412
0.9412
0.9412
0.9412
0.9412
0.9412
0.9412
0.9375
0.9375
0.9375
0.9375
0.9375
0.9375
0.9333
0.9333
0.9332
0.9318
0.9267
0.9182
0.9136
0.9182
0.9267
0.9318
0.9332
0.9333
0.9333
0.9286
0.9286
0.9286
0.9286
0.9286
0.9286
0.9286
0.9284
0.9269
0.9214
0.9124
0.9075
0.9124
0.9214
0.9269
0.9284
0.9286
0.9286
0.9286
0.9286
0.9286
0.9286
0.9286
0.9286
0.9286
0.9286
0.9286
0.9286
0.9286
0.9286
0.9286
0.9284
0.9269
0.9214
0.9124
0.9075
0.9124
0.9214
0.9269
0.9284
0.9286
0.9286
0.9286
0.9286
0.9286
0.9286
0.9284
0.9269
0.9214
0.9124
0.9075
0.9124
0.9214
0.9269
0.9284
0.9286
0.9286
0.9286
0.9286
0.9286
0.9286
0.9286
0.9286
0.9286
0.9286
0.9286
0.9286
0.9284
0.9268
0.9196
0.9034
0.8823
0.8661
0.8481
0.8463
0.8462
0.8462
0.8462
0.8462
0.8462
0.8462
0.8462
0.8462
0.8462
0.8462
0.8462
0.8462
0.8462
0.8462
0.8462
0.8462
0.8462
0.8462
0.8462
0.8462
0.8462
0.8462
0.8462
0.8462
0.8462
0.8462
0.8462
0.8462
0.8462
0.8460
0.8442
0.8367
0.8210
0.8060
0.8060
0.8210
0.8367
0.8442
0.8460
0.8462
0.8463
0.8481
0.8558
0.8733
0.8960
0.9134
0.9210
0.9211
0.9154
0.9056
0.9003
0.9056
0.9154
0.9213
0.9229
0.9231
0.9231
0.9231
0.9231
0.9231
0.9231
0.9229
0.9211
0.9136
0.8978
0.8811
0.8752
0.8805
0.8909
0.9037
0.9150
0.9193
0.9131
0.8943
0.8661
0.8379
0.8733
0.8874
0.9016
