0.9167
0.9509
0.9402
0.8939
0.8421
0.8180
0.8260
0.8398
0.8331
0.8185
0.8088
0.8114
0.8163
0.8182
0.8000
0.8000
0.8000
0.8000
0.8000
0.8000
0.8000
0.8000
0.8000
0.8000
0.8000
0.8000
0.8000
0.8000
0.8000
0.8000
0.7778
0.7778
0.7778
0.7778
0.7778
0.7778
0.7775
0.7750
0.7638
0.7386
0.7056
0.6378
0.6157
0.5969
0.5881
0.5964
0.6096
0.6096
0.5964
0.5881
0.5390
0.5571
0.5681
0.5711
0.5717
0.5751
0.5891
0.6207
0.6649
0.6667
0.6000
0.6000
0.6000
0.6000
0.6000
0.6000
0.6000
0.6000
0.6000
0.6000
0.6000
0.6000
0.6000
0.6000
0.6000
0.6000
0.5996
0.5953
0.5795
0.4370
0.3953
0.3616
0.3444
0.3636
0.4178
0.4692
0.4936
0.4995
0.5000
0.5000
0.5000
0.5000
0.5000
0.4995
0.4942
0.4750
0.4433
0.4261
0.4433
0.4750
0.4942
0.4995
0.5000
0.5000
0.5000
0.5000
0.5000
0.5000
0.5000
0.5000
0.5000
0.3333
0.0000
0.0000
0.0000
