0.9231
0.8886
0.8958
0.9220
0.9298
0.9145
0.8922
0.8658
0.8332
0.8325
0.8263
0.8217
0.8067
0.7988
0.7897
0.7741
0.7535
0.7433
0.7583
0.7884
0.8077
0.8058
0.7906
0.7704
0.7538
0.7511
0.7625
0.7772
0.7828
0.7728
0.7520
0.7356
0.7343
0.7441
0.7571
0.7704
0.7771
0.7726
0.7671
0.7569
0.7534
0.7360
0.7140
0.7012
0.6966
0.6880
0.6714
0.6402
0.6349
0.6338
0.6340
0.6374
0.6400
0.6376
0.6364
0.6449
0.6626
0.6812
0.6936
0.7354
0.7354
0.7304
0.7196
0.7094
0.7094
0.7195
0.7287
0.7251
0.7012
0.6617
0.6321
0.6329
0.6500
0.6567
0.6485
0.6381
0.6329
0.6318
0.6329
0.6382
0.6501
0.6656
0.6584
0.6597
0.6539
0.6503
0.6539
0.6598
0.6986
0.6924
0.6884
0.6910
0.6927
0.6852
0.6738
0.6708
0.6807
0.7018
0.7278
0.7454
0.7484
0.7457
0.7452
0.7426
0.7327
0.7172
0.7035
0.7001
0.7086
0.7239
0.7365
0.7365
0.7237
0.7073
0.6940
0.6886
0.6925
0.7000
0.7045
0.7058
0.7059
0.7059
0.7059
0.7059
0.7059
0.7059
0.7059
0.7059
0.7059
0.7059
0.7059
0.7059
0.7059
0.7058
0.7045
0.7000
0.6925
0.6885
0.6925
0.7000
0.7045
0.7058
0.7059
0.7059
0.7059
0.7059
0.7059
0.7059
0.7059
0.7060
0.7074
0.7133
0.7266
0.7439
0.7560
0.7573
0.7511
0.7458
0.7441
0.7393
0.7299
0.7220
0.7174
0.7169
0.7243
0.7403
0.7627
0.7759
0.7833
0.7841
0.7763
0.7679
0.7699
0.7814
0.7940
0.7997
0.7969
0.7938
0.7969
0.8000
0.7969
0.7939
0.7983
0.8062
0.8109
0.8108
0.8047
0.7905
0.7720
0.7417
0.7350
0.7335
0.7333
0.7333
0.7333
0.7333
0.7333
0.7333
0.7333
0.7333
0.7333
0.7333
0.7333
0.7333
0.7333
0.7333
0.7333
0.7335
0.7350
0.7417
0.7568
0.7764
0.7899
0.7899
0.7764
0.7568
0.7417
0.7350
0.7333
0.7318
0.7267
0.7182
0.7136
0.7182
0.7267
0.7318
0.7332
0.7333
0.7333
0.7333
0.7333
0.7333
0.7333
0.7333
0.7333
0.7333
0.7333
0.7333
0.7333
0.7143
0.7143
0.7143
0.7143
0.7143
0.7143
0.7692
0.7692
0.7692
0.7692
0.7692
0.7692
0.7692
0.7692
0.7692
0.7692
0.7692
0.7692
0.7692
0.7692
0.7692
0.7692
0.7692
0.7692
0.7692
0.7692
0.7692
0.7692
0.7692
0.7692
0.7692
0.7692
0.7692
0.7692
0.7692
0.7692
0.7692
0.7692
0.7692
0.7692
0.7692
0.7692
0.7692
0.7692
0.7692
0.7692
0.7692
0.7692
0.7692
0.7694
0.7712
0.7789
0.7962
0.8171
0.8124
0.8019
0.7792
0.7605
0.7521
0.7502
0.7500
0.7500
0.7500
0.7500
0.7500
0.7500
0.7500
0.7500
0.7500
0.7500
0.7500
0.7500
0.7502
0.7521
0.7603
0.7774
0.7956
0.8040
0.8066
0.8143
0.8250
0.8161
0.8180
0.8182
0.8180
0.7977
0.7898
0.7748
0.7310
0.7132
0.6934
0.6759
