0.8750
0.8995
0.9199
0.9189
0.9152
0.9071
0.8888
0.8788
0.8803
0.8869
0.8880
0.8750
0.8613
0.8493
0.8486
0.8537
0.8530
0.8486
0.8499
0.8608
0.8762
0.8881
0.8933
0.8934
0.8832
0.8749
0.8655
0.8568
0.8488
0.8460
0.8542
0.8694
0.8818
0.8862
0.8832
0.8763
0.8725
0.8763
0.8833
0.8876
0.8888
0.8889
0.8888
0.8876
0.8833
0.8763
0.8724
0.8750
0.8776
0.8736
0.8655
0.8580
0.8531
0.9039
0.9096
0.9128
0.9219
0.9311
0.9360
0.9374
0.9372
0.9345
0.9235
0.9029
0.8864
0.8907
0.9108
0.9282
0.9342
0.9295
0.9155
0.8970
0.8827
0.8751
0.8689
0.8614
0.8470
0.8500
0.8533
0.8499
0.8453
0.8447
0.8429
0.8338
0.8132
0.7815
0.7590
0.7658
0.7845
0.7714
0.7609
0.7661
0.7838
0.7948
0.7983
0.8052
0.8158
0.8253
0.8293
0.8184
