0.8065
0.8281
0.8264
0.8066
0.7834
0.7649
0.7403
0.7254
0.7072
0.7083
0.7305
0.7584
0.7792
0.7879
0.7834
0.7715
0.7644
0.7684
0.7775
0.7859
0.7940
0.8001
0.7990
0.7942
0.7970
0.8090
0.8217
0.8328
0.8384
0.8457
0.8476
0.8497
0.8562
0.8627
0.8612
0.8490
0.8310
0.8150
0.7989
0.8005
0.8134
0.8292
0.8404
0.8480
0.8534
0.8554
0.8527
0.8455
0.8385
0.8695
0.8768
0.8843
0.8879
0.8878
0.8834
0.8721
0.8556
0.8419
0.8359
0.8363
0.8380
0.8360
0.8325
0.8361
0.8481
0.8582
0.8593
0.8555
0.8527
0.8520
0.8527
0.8556
0.8602
0.8628
0.8602
0.8546
0.8481
0.8398
0.8324
0.8316
0.8351
0.8342
0.8269
0.8194
0.8158
0.8149
0.8148
0.8148
0.8148
0.8149
0.8157
0.8500
0.8549
0.8575
0.8549
0.8500
0.8470
0.8463
0.8470
0.8500
0.8549
0.8574
0.8541
0.8471
0.8432
0.8483
0.8615
0.8720
0.8730
0.8683
0.8632
0.8589
0.8559
0.8546
0.8581
0.8709
0.8893
0.9020
0.9006
0.8875
0.8733
0.8642
0.8599
0.8598
0.8632
0.8685
0.8749
0.8807
0.8837
0.8845
0.8846
0.8846
0.8845
0.8838
0.8817
0.8807
0.8868
0.9008
0.9144
0.9212
0.9229
0.9230
0.9221
0.9183
0.9105
0.9030
0.9030
0.9105
0.9182
0.9201
0.9134
0.8970
0.8781
0.8694
0.8679
0.8741
0.8740
0.8668
0.8590
0.8582
0.8629
0.8660
0.8672
0.8708
0.8760
0.8791
0.8799
0.8799
0.8788
0.8729
0.8557
0.8572
0.8437
0.8400
0.8478
0.8562
0.8607
0.8654
0.8708
0.8740
0.8749
0.8749
0.8740
0.8706
0.8564
0.8403
0.8052
0.7697
0.7270
0.6952
0.6794
0.6999
0.6968
0.6753
0.6500
0.6527
0.6926
0.7183
0.6938
