0.8889
0.9197
0.9253
0.9130
0.9029
0.8955
0.8826
0.8724
0.8775
0.8946
0.9073
0.9070
0.9048
0.9074
0.9173
0.9142
0.9045
0.8968
0.9032
0.9016
0.8885
0.8749
0.8684
0.8668
0.8667
0.8667
0.8667
0.8667
0.8667
0.8667
0.8571
0.8571
0.8571
0.8571
0.8571
0.8571
0.8570
0.8553
0.8482
0.8321
0.8127
0.8035
0.8110
0.8250
0.8320
0.8342
0.8408
0.8500
0.8555
0.8570
0.8571
0.8571
0.8571
0.8571
0.8571
0.8570
0.8555
0.8500
0.8409
0.8360
0.8409
0.8500
0.8555
0.8570
0.8571
0.8571
0.8571
0.8571
0.8571
0.8462
0.8462
0.8462
0.8463
0.8481
0.8556
0.8713
0.8863
0.8863
0.8713
0.8556
0.8481
0.8463
0.8333
0.8333
0.8333
0.8333
0.8332
0.8314
0.8250
0.8144
0.8087
0.8144
0.8250
0.8314
0.8332
0.8333
0.8333
0.8333
0.8333
0.8333
0.8333
0.8333
0.8333
0.8333
0.8333
0.8333
0.8333
0.8333
0.8333
0.8333
0.8333
0.8333
0.8333
0.8332
0.8157
0.8047
0.7764
0.8000
0.8000
0.8000
0.7778
0.7778
0.7778
0.7778
0.7778
0.7778
0.7778
0.7778
0.7778
0.7778
0.7778
0.7778
0.7778
0.7778
0.7778
0.7778
0.7778
0.7778
0.7780
0.7804
0.7889
0.8030
0.8106
0.8032
0.7917
0.7943
0.8172
0.8495
0.8721
0.8721
0.8497
0.8197
0.8054
0.8167
0.8335
0.8238
0.8718
0.8747
0.8750
0.8747
0.8721
0.9854
0.9637
0.9365
0.9019
0.9833
0.9961
0.9996
1.0000
