0.8738
0.8779
0.8742
0.8879
0.8841
0.8735
0.8856
0.8978
0.9138
0.9235
0.9227
0.9146
0.9050
0.8973
0.9027
0.9076
0.9111
0.9125
0.9108
0.9102
0.9123
0.9121
0.9133
0.9099
0.8988
0.9045
0.9073
0.9133
0.9190
0.9211
0.9215
0.9201
0.9179
0.9164
0.9144
0.9083
0.8975
0.8826
0.8696
0.8686
0.8745
0.8808
0.8824
0.8810
0.8794
0.8781
0.8796
0.8828
0.8855
0.8882
0.8874
0.8961
0.9032
0.9134
0.9209
0.9225
0.9206
0.9188
0.9197
0.9227
0.9254
0.9253
0.9221
0.9167
0.9116
0.9090
0.9086
0.9055
0.8944
0.8897
0.8832
0.8831
0.8853
0.8850
0.8823
0.8786
0.8747
0.8682
0.8762
0.8712
0.8659
0.8594
0.8512
0.8398
0.8256
0.8229
0.8273
0.8364
0.8405
0.8419
0.8406
0.8417
0.8476
0.8561
0.8622
0.8631
0.8616
0.8626
0.8671
0.8743
0.8816
0.8865
0.8862
0.8851
0.8818
0.8783
0.8766
0.8758
0.8730
0.8689
0.8662
0.8635
0.8631
0.8615
0.8589
0.8550
0.8504
0.8472
0.8453
0.8545
0.8555
0.8527
0.8484
0.8442
0.8390
0.8335
0.8295
0.8262
0.8218
0.8166
0.8108
0.8001
0.7875
0.7777
0.7654
0.7523
0.7505
0.7550
0.7612
0.7660
0.7646
0.7663
0.7574
0.7546
0.7459
0.7259
0.6943
0.6987
0.6865
0.7239
0.7036
0.6848
