0.8436
0.8461
0.8626
0.8682
0.8665
0.8662
0.8767
0.8786
0.8800
0.8759
0.8739
0.8819
0.8904
0.8941
0.8954
0.8930
0.9002
0.9036
0.9056
0.9097
0.9198
0.9244
0.9230
0.9199
0.9235
0.9188
0.9151
0.9141
0.9149
0.9195
0.9272
0.9317
0.9287
0.9209
0.9193
0.9151
0.9125
0.9113
0.9100
0.9098
0.9119
0.9152
0.9186
0.9184
0.9127
0.9099
0.9061
0.9150
0.9173
0.9207
0.9317
0.9373
0.9415
0.9450
0.9473
0.9471
0.9407
0.9321
0.9220
0.9215
0.9166
0.9117
0.9072
0.9020
0.9048
0.9055
0.9099
0.9134
0.9163
0.9179
0.9178
0.9146
0.9111
0.9067
0.8979
0.8796
0.8590
0.8381
0.8258
0.8228
0.8243
0.8147
0.8034
0.7994
0.8133
0.8271
0.8316
0.8354
0.8322
0.8216
0.8039
0.8106
0.8231
