0.8684
0.8810
0.8826
0.8681
0.8478
0.8384
0.8307
0.8155
0.8035
0.8064
0.8186
0.8280
0.8304
0.8298
0.8314
0.8352
0.8361
0.8313
0.8207
0.8063
0.7940
0.7903
0.7959
0.8072
0.8185
0.8250
0.8275
0.8212
0.8119
0.8105
0.8152
0.8162
0.8188
0.8150
0.8078
0.8013
0.7967
0.7972
0.8033
0.8062
0.8132
0.8220
0.8232
0.8232
0.8162
0.8073
0.8015
0.8041
0.8156
0.8240
0.8193
0.8125
0.8175
0.8299
0.8405
0.8499
0.8597
0.8677
0.8700
0.9084
0.9164
0.9155
0.9024
0.8882
0.8843
0.8852
0.8777
0.8526
0.8201
0.8270
0.8337
0.8414
0.8450
0.8442
0.8374
0.8229
0.8050
0.7894
0.7671
0.7552
0.7501
0.7560
0.7700
0.7840
0.7898
0.7839
0.7689
0.7499
0.7303
0.7141
0.7103
0.7587
0.7955
0.8240
0.8455
0.8485
0.8403
0.8314
0.8272
0.8265
0.8182
0.8170
0.8124
0.8008
0.7813
0.7548
0.7308
