0.9583
0.9168
0.8973
0.8937
0.8944
0.8944
0.8971
0.9057
0.9185
0.9369
0.9501
0.9553
0.9564
0.9564
0.9554
0.9511
0.9386
0.9226
0.9154
0.9113
0.9087
0.8950
0.8789
0.8751
0.8838
0.8937
0.8976
0.8949
0.8884
0.8829
0.8788
0.8735
0.8743
0.8886
0.9048
0.9088
0.9026
0.8924
0.8835
0.8870
0.9074
0.9288
0.9249
0.9064
0.8829
0.8633
0.8553
0.8611
0.9252
0.9412
0.9409
0.9384
0.9293
0.9130
0.8992
0.8953
0.8987
0.9082
0.9169
0.9297
0.9343
0.9248
0.9098
0.8902
0.8750
0.8685
0.8685
0.8750
0.8900
0.9082
0.9166
0.9082
0.8899
0.8733
0.8600
0.8435
0.8252
0.8166
0.8235
0.8348
0.8334
0.8168
0.8015
0.8055
0.8282
0.8518
0.8651
0.8747
0.8902
0.9097
0.9233
0.9233
0.9097
0.8902
0.8660
0.8573
0.8498
0.8376
0.8217
0.8087
0.8096
0.8321
0.8577
0.8924
0.9127
0.9174
0.8977
0.8682
0.8361
0.8166
0.8082
0.8068
0.8125
0.8188
0.8226
0.8336
0.8479
0.8434
0.8097
0.8137
0.8497
0.8867
0.9041
0.9043
0.8889
0.8592
0.8326
0.8126
0.7795
