1.0000
0.9350
0.8997
0.8851
0.8703
0.8486
0.8431
0.8656
0.9115
0.9074
0.8732
0.8455
0.8503
0.8807
0.9116
0.9262
0.9288
0.9275
0.9182
0.8988
0.8791
0.8655
0.8543
0.8422
0.8314
0.8267
0.8301
0.8356
0.8357
0.8312
0.8307
0.8382
0.8471
0.8559
0.8708
0.8906
0.9095
0.9221
0.9236
0.9184
0.9187
0.9263
0.9358
0.9478
0.9606
0.9531
0.9407
0.9794
0.9923
0.9984
0.9999
1.0000
1.0000
0.9999
0.9984
0.9922
0.9780
0.9591
0.9407
0.9174
0.8825
0.8523
0.8519
0.8769
0.9036
0.9150
0.9214
0.9235
0.9302
0.9446
0.9567
0.9537
0.9409
0.9286
0.9341
0.9570
0.9751
0.9732
0.9624
0.9627
0.9767
0.9912
0.9982
0.9998
1.0000
1.0000
1.0000
1.0000
1.0000
1.0000
1.0000
1.0000
1.0000
0.9998
0.9982
0.9920
0.9836
0.9838
1.0000
1.0000
1.0000
1.0000
1.0000
0.9998
0.9979
0.9907
0.9773
0.9636
0.9545
0.9458
0.9358
0.9347
0.9453
0.9498
0.9392
0.9315
0.9434
0.9682
0.9886
0.9977
0.9998
1.0000
1.0000
1.0000
1.0000
1.0000
1.0000
1.0000
0.9998
0.9979
0.9912
0.9822
0.9822
0.9977
0.9900
0.9771
0.9679
0.9650
0.9573
0.9452
0.9450
0.9548
0.9524
0.9329
0.9149
0.9151
0.9354
0.9646
0.9849
0.9849
0.9646
0.9354
0.9151
0.9151
0.9354
0.9648
0.9874
0.9972
0.9975
0.9900
0.9773
0.9705
0.9773
0.9900
0.9977
0.9998
1.0000
1.0000
0.9998
0.9973
0.9849
0.9517
0.9886
0.9720
0.9532
0.9359
0.9197
0.9142
0.9306
0.9611
0.9861
0.9972
0.9998
1.0000
1.0000
1.0000
1.0000
1.0000
1.0000
1.0000
1.0000
1.0000
1.0000
1.0000
1.0000
1.0000
1.0000
1.0000
1.0000
1.0000
1.0000
1.0000
1.0000
1.0000
1.0000
1.0000
1.0000
1.0000
1.0000
1.0000
1.0000
1.0000
1.0000
1.0000
1.0000
1.0000
1.0000
1.0000
1.0000
1.0000
1.0000
1.0000
1.0000
1.0000
1.0000
1.0000
1.0000
1.0000
1.0000
1.0000
1.0000
1.0000
1.0000
1.0000
1.0000
1.0000
1.0000
1.0000
1.0000
1.0000
1.0000
1.0000
1.0000
1.0000
1.0000
1.0000
1.0000
1.0000
1.0000
1.0000
1.0000
1.0000
1.0000
1.0000
1.0000
1.0000
0.9997
0.9968
0.9840
0.9531
0.9068
0.8658
0.8598
0.9042
0.9833
0.9953
0.9996
0.9932
0.9628
0.8850
1.0000
1.0000
1.0000
1.0000
1.0000
1.0000
0.9993
0.9922
0.9659
0.9159
0.8604
0.8155
0.7920
0.8158
0.8899
1.0000
1.0000
