0.9007
0.8996
0.9000
0.9018
0.9018
0.8998
0.8951
0.8903
0.8844
0.8812
0.8774
0.8752
0.8709
0.8663
0.8646
0.8661
0.8675
0.8687
0.8682
0.8655
0.8647
0.8620
0.8607
0.8607
0.8629
0.8660
0.8692
0.8708
0.8732
0.8744
0.8772
0.8774
0.8781
0.8786
0.8780
0.8784
0.8795
0.8805
0.8816
0.8824
0.8824
0.8819
0.8810
0.8801
0.8780
0.8764
0.8749
0.8756
0.8755
0.8757
0.8736
0.8688
0.8638
0.8598
0.8584
0.8613
0.8614
0.8620
0.8608
0.8614
0.8589
0.8584
0.8601
0.8614
0.8618
0.8613
0.8641
0.8685
0.8720
0.8735
0.8731
0.8707
0.8689
0.8674
0.8662
0.8671
0.8678
0.8695
0.8734
0.8741
0.8731
0.8736
0.8751
0.8775
0.8780
0.8791
0.8810
0.8843
0.8831
0.8804
0.8772
0.8761
0.8769
0.8779
0.8785
0.8793
0.8806
0.8827
0.8810
0.8801
0.8774
0.8760
0.8748
0.8737
0.8722
0.8711
0.8711
0.8724
0.8742
0.8753
0.8771
0.8786
0.8791
0.8784
0.8769
0.8759
0.8760
0.8769
0.8798
0.8813
0.8817
0.8822
0.8825
0.8825
0.8813
0.8786
0.8779
0.8757
0.8755
0.8771
0.8785
0.8786
0.8778
0.8778
0.8781
0.8776
0.8775
0.8754
0.8744
0.8747
0.8744
0.8757
0.8773
0.8807
0.8817
0.8823
0.8820
0.8809
0.8805
0.8808
0.8821
0.8833
0.8825
0.8802
0.8780
0.8774
0.8801
0.8823
0.8826
0.8811
0.8791
0.8776
0.8764
0.8740
0.8720
0.8680
0.8673
0.8689
0.8701
0.8712
0.8713
0.8720
0.8744
0.8768
0.8794
0.8793
0.8774
0.8752
0.8737
0.8749
0.8756
0.8747
0.8724
0.8726
0.8728
0.8732
0.8739
0.8735
0.8722
0.8723
0.8732
0.8736
0.8727
0.8724
0.8708
0.8704
0.8707
0.8736
0.8745
0.8747
0.8737
0.8716
0.8694
0.8678
0.8672
0.8666
0.8667
0.8678
0.8691
0.8701
0.8706
0.8704
0.8702
0.8693
0.8677
0.8661
0.8649
0.8636
0.8624
0.8621
0.8639
0.8659
0.8670
0.8677
0.8691
0.8724
0.8727
0.8725
0.8722
0.8719
0.8715
0.8715
0.8711
0.8700
0.8692
0.8690
0.8694
0.8705
0.8709
0.8698
0.8683
0.8675
0.8680
0.8690
0.8697
0.8699
0.8688
0.8675
0.8659
0.8651
0.8651
0.8647
0.8635
0.8622
0.8614
0.8619
0.8622
0.8615
0.8579
0.8551
0.8540
0.8555
0.8580
0.8624
0.8643
0.8652
0.8672
0.8671
0.8672
0.8677
0.8683
0.8683
0.8679
0.8671
0.8665
0.8668
0.8671
0.8664
0.8656
0.8647
0.8636
0.8625
0.8619
0.8617
0.8615
0.8609
0.8596
0.8591
0.8592
0.8603
0.8603
0.8582
0.8546
0.8513
0.8488
0.8479
0.8487
0.8512
0.8544
0.8566
0.8575
0.8576
0.8559
0.8533
0.8507
0.8491
0.8483
0.8475
0.8463
0.8455
0.8457
0.8465
0.8464
0.8464
0.8468
0.8479
0.8489
0.8503
0.8510
0.8519
0.8538
0.8562
0.8590
0.8612
0.8636
0.8652
0.8654
0.8646
0.8640
0.8647
0.8664
0.8686
0.8698
0.8728
0.8739
0.8749
0.8738
0.8732
0.8710
0.8708
0.8721
0.8720
0.8697
0.8671
0.8668
0.8685
0.8682
0.8669
0.8662
0.8662
0.8668
0.8692
0.8690
0.8686
0.8707
0.8709
0.8717
0.8732
0.8744
0.8742
0.8717
0.8672
0.8618
0.8591
0.8568
0.8555
0.8544
0.8541
0.8556
0.8582
0.8611
0.8627
0.8610
0.8585
0.8570
0.8595
0.8600
0.8604
0.8611
0.8610
0.8606
0.8605
0.8600
0.8596
0.8596
0.8625
0.8628
0.8630
0.8621
0.8605
0.8575
0.8544
0.8516
0.8509
0.8524
0.8536
0.8540
0.8537
0.8539
0.8547
0.8571
0.8607
0.8634
0.8633
0.8619
0.8599
0.8601
0.8618
0.8631
0.8623
0.8609
0.8592
0.8582
0.8574
0.8568
0.8561
0.8555
0.8558
0.8568
0.8574
0.8591
0.8583
0.8587
0.8606
0.8619
0.8649
0.8639
0.8621
0.8601
0.8582
0.8570
0.8557
0.8545
0.8535
0.8551
0.8561
0.8567
0.8574
0.8571
0.8566
0.8567
0.8578
0.8582
0.8575
0.8580
0.8600
0.8639
0.8669
0.8671
0.8647
0.8622
0.8592
0.8563
0.8530
0.8524
0.8535
0.8547
0.8544
0.8532
0.8512
0.8492
0.8482
0.8477
0.8472
0.8464
0.8457
0.8463
0.8497
0.8555
0.8610
0.8632
0.8638
0.8620
0.8609
0.8617
0.8647
0.8666
0.8676
0.8706
0.8710
0.8712
0.8695
0.8688
0.8680
0.8681
0.8678
0.8666
0.8634
0.8608
0.8605
0.8614
0.8613
0.8598
0.8579
0.8570
0.8566
0.8577
0.8600
0.8631
0.8637
0.8642
0.8621
0.8607
0.8597
0.8597
0.8601
0.8602
0.8627
0.8628
0.8628
0.8624
0.8630
0.8612
0.8597
0.8601
0.8618
0.8627
0.8625
0.8617
0.8618
0.8619
0.8615
0.8590
0.8552
0.8518
0.8485
0.8458
0.8452
0.8460
0.8473
0.8482
0.8489
0.8531
0.8543
0.8550
0.8548
0.8538
0.8527
0.8536
0.8544
0.8530
0.8510
0.8496
0.8481
0.8475
0.8474
0.8479
0.8493
0.8503
0.8532
0.8526
0.8507
0.8485
0.8473
0.8464
0.8458
0.8444
0.8412
0.8402
0.8374
0.8346
0.8331
0.8333
0.8357
0.8372
0.8370
0.8351
0.8348
0.8344
0.8327
0.8340
0.8329
0.8329
0.8322
0.8312
0.8298
0.8278
0.8269
0.8271
0.8290
0.8322
0.8357
0.8400
0.8440
0.8471
0.8481
0.8486
0.8479
0.8474
0.8462
0.8439
0.8410
0.8392
0.8388
0.8403
0.8438
0.8477
0.8519
0.8548
0.8560
0.8563
0.8562
0.8560
0.8558
0.8560
0.8566
0.8570
0.8571
0.8568
0.8547
0.8480
0.8422
0.8382
0.8366
0.8364
0.8361
0.8353
0.8337
0.8322
0.8314
0.8304
0.8293
0.8283
0.8267
0.8255
0.8223
0.8183
0.8227
0.8221
0.8226
0.8206
0.8197
0.8171
0.8124
0.8037
0.7940
0.7832
0.7800
0.7762
0.7784
0.7766
0.7760
0.7776
0.7745
0.7686
0.7661
0.7698
0.7608
0.7654
0.7648
