0.7600
0.8042
0.8145
0.7973
0.7916
0.7948
0.7969
0.7940
0.7893
0.7864
0.7877
0.7884
0.7784
0.7583
0.7603
0.7626
0.7692
0.7763
0.7841
0.7918
0.7979
0.8010
0.7975
0.7877
0.7782
0.7727
0.7674
0.7598
0.7904
0.8239
0.8534
0.8592
0.8454
0.8333
0.8318
0.8351
0.8355
0.8294
0.8207
0.8127
0.8000
0.7824
0.7689
0.7632
0.7619
0.7608
0.7570
0.7500
0.7431
0.7403
0.7431
0.7498
0.7546
0.7488
0.7284
0.7014
0.6845
0.6848
0.6930
0.6974
0.6979
0.6986
0.6987
0.6992
0.7046
0.7155
0.7300
0.7450
0.7559
0.7607
0.7618
0.7618
0.7608
0.7569
0.7489
0.7383
0.7295
0.7289
0.7381
0.7475
0.7489
0.7476
0.7511
0.7571
0.7608
0.7618
0.7619
0.7619
0.7619
0.7618
0.7608
0.7571
0.7511
0.7478
0.7510
0.7559
0.7547
0.7439
0.7263
0.7095
0.7014
0.7036
0.7095
0.7132
0.7142
0.7142
0.7132
0.7095
0.7035
0.7002
0.7035
0.7094
0.7121
0.7094
0.7035
0.7002
0.7035
0.7095
0.7132
0.7142
0.7143
0.7143
0.7143
0.7144
0.7155
0.7203
0.7311
0.7451
0.7559
0.7607
0.7618
0.7618
0.7607
0.7559
0.7451
0.7312
0.7215
0.7215
0.7312
0.7451
0.7559
0.7607
0.7618
0.7619
0.7619
0.7619
0.7619
0.7619
0.7619
0.7619
0.7618
0.7608
0.7571
0.7511
0.7477
0.7499
0.7512
0.7440
0.7310
0.7203
0.7155
0.7144
0.7143
0.7143
0.7143
0.7143
0.7000
0.7001
0.7013
0.7063
0.7176
0.7324
0.7437
0.7487
0.7499
0.7500
0.7500
0.7500
0.7500
0.7500
0.7367
0.7356
0.7315
0.7236
0.7147
0.7064
0.6975
0.6896
0.6854
0.6843
0.6842
0.6842
0.6842
0.6842
0.6842
0.6842
0.6842
0.6842
0.6842
0.6842
0.6842
0.6842
0.6842
0.6842
0.6843
0.6855
0.6907
0.7015
0.7130
0.7183
0.7197
0.7223
0.7212
0.7134
0.7110
0.7096
0.7167
0.7208
0.7208
0.7167
0.7096
0.7058
0.7095
0.7152
0.7140
0.7025
0.6864
0.6751
0.6751
0.6864
0.7027
0.7152
0.7208
0.7221
0.7222
0.7220
0.7194
0.7084
0.6845
0.6571
0.6433
0.6444
0.6473
0.6488
0.6539
0.6610
0.6640
0.6598
0.6499
0.6446
0.6571
0.6832
0.7028
0.7068
0.7054
0.7083
0.7110
0.7068
0.6796
0.6659
0.6486
0.6357
0.6351
0.6413
0.6457
0.6469
0.6471
0.6471
0.6472
0.6486
0.6544
0.6678
0.6852
0.6797
0.6859
0.6874
0.6875
0.6875
0.6875
0.6875
0.6875
0.6875
0.6875
0.6875
0.6875
0.6875
0.6875
0.6874
0.6860
0.6812
0.6733
0.6690
0.6733
0.6812
0.6860
0.6874
0.6874
0.6859
0.6797
0.6655
0.6470
0.6328
0.6266
0.6251
0.6250
0.6250
0.6250
0.6250
0.6250
0.6250
0.6250
0.6250
0.6250
0.6250
0.6250
0.6250
0.6250
0.6250
0.6250
0.6250
0.6250
0.6250
0.6250
0.6251
0.6266
0.6328
0.6470
0.6655
0.6797
0.6859
0.6874
0.6875
0.6875
0.6875
0.6875
0.6875
0.6875
0.6875
0.6875
0.6875
0.6875
0.6875
0.6875
0.6875
0.6875
0.6875
0.6875
0.6875
0.6875
0.6874
0.6860
0.6811
0.6719
0.6628
0.6592
0.6628
0.6719
0.6811
0.6859
0.6856
0.6782
0.6592
0.6330
0.6160
0.6203
0.6409
0.6640
0.6795
0.6858
0.6858
0.6797
0.6655
0.6470
0.6328
0.6266
0.6251
0.6250
0.6249
0.6234
0.6172
0.6031
0.5862
0.5798
0.5947
0.6107
0.5753
0.5830
0.6076
0.5515
0.5416
0.5164
0.4838
0.4610
0.4584
0.4701
0.4801
0.4849
0.5048
