0.8947
0.8744
0.8261
0.7874
0.7779
0.7964
0.8317
0.8753
0.9078
0.9108
0.8949
0.8857
0.8918
0.9073
0.9249
0.9388
0.9486
0.9568
0.9592
0.9475
0.9194
0.8860
0.8701
0.8846
0.9122
0.9252
0.9107
0.8762
0.8435
0.8291
0.8294
0.8337
0.8415
0.8589
0.8824
0.8824
0.8825
0.8838
0.8897
0.9031
0.9205
0.9338
0.9397
0.9410
0.9410
0.9397
0.9338
0.9205
0.9031
0.8897
0.8838
0.8825
0.8824
0.8825
0.8838
0.8896
0.9016
0.9131
0.9131
0.9016
0.8896
0.8838
0.8825
0.8824
0.8750
0.8750
0.8750
0.8750
0.8750
0.8750
0.8750
0.8750
0.8750
0.8750
0.8750
0.8749
0.8735
0.8686
0.8592
0.8487
0.8389
0.8299
0.8267
0.8360
0.8531
0.8672
0.8734
0.8749
0.8750
0.8750
0.8750
0.8749
0.8734
0.8672
0.8530
0.8345
0.8203
0.8141
0.8126
0.8125
0.8125
0.8125
0.8125
0.8125
0.8125
0.8126
0.8141
0.8203
0.8345
0.8530
0.8672
0.8734
0.8750
0.8766
0.8828
0.8970
0.9155
0.9295
0.9345
0.9311
0.9233
0.9190
0.9233
0.9312
0.9360
0.9374
0.9375
0.9375
0.9375
0.9375
0.9375
0.9375
0.9375
0.9375
0.9375
0.9375
0.9375
0.9375
0.9375
0.9375
0.9375
0.9375
0.9375
0.9375
0.9375
0.9374
0.9359
0.9298
0.9171
0.9047
0.9030
0.9062
0.8938
0.8607
0.8301
0.8228
0.8296
0.8239
0.8319
0.8426
0.8735
0.9016
0.9194
0.9268
0.9286
0.9231
0.9231
0.9231
0.9231
0.9231
0.9231
0.9231
0.9231
0.9231
0.9231
0.9231
0.9231
0.9231
0.9231
0.9231
0.9231
0.9231
0.9231
0.9231
0.9231
0.9231
0.9231
0.9231
0.9231
0.9231
0.9231
0.9231
0.9231
0.9231
0.9231
0.9231
0.9231
0.9231
0.9231
0.9231
0.9229
0.9213
0.9154
0.9056
0.9003
0.9056
0.9154
0.9213
0.9229
0.9231
0.9231
0.9231
0.9231
0.9231
0.9231
0.9231
0.9231
0.9231
0.9231
0.9231
0.9231
0.9231
0.9231
0.9231
0.9231
0.9231
0.9229
0.9213
0.9154
0.9056
0.9003
0.9056
0.9154
0.9213
0.9229
0.9231
0.9231
0.9231
0.9231
0.9231
0.9231
0.9231
0.9231
0.9231
0.9231
0.9231
0.9231
0.9231
0.9231
0.9091
0.9091
0.9091
0.9000
0.9000
0.9000
0.9000
0.9000
0.9000
0.9000
0.9000
0.9000
0.9000
0.9000
0.9000
0.9000
0.9000
0.9000
0.9000
0.9000
0.9000
0.9000
0.8998
0.8975
0.8877
0.8673
0.8478
0.8476
0.8648
0.8751
0.8624
0.8376
0.8251
0.8378
0.8648
0.8849
0.8849
0.8646
0.8352
0.8126
0.8025
0.8004
0.8025
0.8123
0.8327
0.8522
0.8522
0.8327
0.8126
0.8051
0.8126
0.8329
0.8548
0.8648
0.8679
0.8771
0.8900
0.8977
0.8998
0.9000
0.9000
0.9000
0.9000
0.9000
0.9000
0.9000
0.9000
0.9000
0.9000
0.9000
0.9000
0.9000
0.9000
0.9000
0.9000
0.9000
0.9000
0.9000
0.9000
0.9000
0.9000
0.9000
0.9998
0.9972
0.9861
0.9611
0.9306
0.9140
0.9169
0.9220
0.9141
0.9003
0.8943
0.9031
0.9280
0.9609
0.9861
0.9972
0.9995
0.9972
0.9861
0.9611
0.9309
0.9062
0.9213
0.9567
1.0000
1.0000
1.0000
1.0000
0.9997
0.9967
0.9862
0.9720
0.9723
1.0000
1.0000
1.0000
1.0000
1.0000
1.0000
0.9996
0.9949
0.9753
0.9346
0.8979
0.9117
0.9995
0.9932
0.9628
0.8850
