0.8462
0.8646
0.8887
0.9216
0.9431
0.9518
0.9449
0.9270
0.8904
0.8560
0.8466
0.8690
0.9193
0.9560
0.9843
0.9968
1.0000
1.0000
1.0000
1.0000
1.0000
1.0000
1.0000
1.0000
0.9997
0.9964
0.9824
0.9530
0.9214
0.9041
0.8887
0.8575
0.8303
0.7955
0.7965
0.7750
0.7459
0.7463
0.7789
0.8128
0.8291
0.8333
0.8000
0.8000
0.8000
0.7996
0.7958
0.7846
0.7751
0.7913
0.8384
0.8911
0.9249
0.9338
0.9363
0.9542
0.9800
0.9953
0.9996
1.0000
1.0000
1.0000
1.0000
1.0000
1.0000
1.0000
0.9996
0.9949
0.9756
0.9357
0.8908
0.8381
0.7814
0.7564
0.7505
0.7500
0.7500
0.7500
0.7495
0.7436
0.7186
0.6619
0.4515
0.3844
0.3907
0.4771
0.5915
0.6477
0.4529
0.4356
0.4616
0.4895
0.5000
0.0000
0.0000
