0.9565
0.8821
0.8441
0.8211
0.7904
0.7976
0.8229
0.8682
0.9027
0.9096
0.8935
0.8621
0.8445
0.8453
0.8591
0.8709
0.8766
0.8825
0.8884
0.8895
0.8881
0.8926
0.9060
0.9241
0.9425
0.9549
0.9430
0.9266
0.9132
0.8990
0.8767
0.8480
0.8316
0.8431
0.8704
0.8951
0.9148
0.9260
0.9209
0.9010
0.8736
0.8418
0.8085
0.7851
0.7847
0.8043
0.8207
0.8138
0.7902
0.7752
0.7805
0.7930
0.7962
0.7886
0.7836
0.7974
0.8778
0.9118
0.9322
0.9396
0.9410
0.9410
0.9398
0.9354
0.9292
0.9297
0.9412
0.9527
0.9531
0.9438
0.9405
0.9452
0.9562
0.9607
0.9401
0.9486
0.9281
0.9234
0.9342
0.9517
0.9497
0.9378
0.9375
0.9462
0.9522
0.9607
0.9747
0.9905
0.9980
0.9998
1.0000
1.0000
1.0000
1.0000
1.0000
1.0000
1.0000
1.0000
1.0000
1.0000
1.0000
1.0000
0.9998
0.9977
0.9888
0.9703
0.9523
0.9504
0.9612
0.9682
0.9708
0.9792
0.9909
0.9979
0.9998
1.0000
1.0000
1.0000
0.9998
0.9977
0.9884
0.9657
0.9297
0.8885
0.8527
0.8321
0.8319
0.8504
0.8771
0.8977
0.9068
0.9089
0.9091
0.9089
0.9068
0.8979
0.8794
0.8616
0.8612
0.8752
0.8795
0.8632
0.8438
0.8358
0.8320
0.8254
0.8201
0.8184
0.8182
0.8182
0.8182
0.8182
0.8182
0.8182
0.8182
0.8184
0.8203
0.8275
0.8411
0.8565
0.8708
0.8862
0.8998
0.9072
0.9112
0.9203
0.9388
0.9564
0.9543
0.9274
0.8885
0.8548
0.8410
0.8502
0.8659
0.8659
0.8500
0.8387
0.8434
0.8567
0.8708
0.8862
0.8998
0.9068
0.9064
0.8958
0.8699
0.8368
0.8166
0.8177
0.8374
0.8748
0.9225
0.9637
0.9882
0.9977
0.9998
1.0000
1.0000
1.0000
1.0000
1.0000
0.9998
0.9979
0.9905
0.9752
0.9549
0.9382
0.9372
0.9565
0.9793
0.9846
0.9699
0.9525
0.9525
0.9703
0.9888
0.9977
0.9998
1.0000
0.9998
0.9979
0.9907
0.9773
0.9640
0.9588
0.9640
0.9773
0.9907
0.9979
0.9998
1.0000
1.0000
1.0000
1.0000
1.0000
0.9998
0.9979
0.9907
0.9773
0.9640
0.9588
0.9640
0.9771
0.9886
0.9888
0.9792
0.9731
0.9792
0.9888
0.9874
0.9744
0.9556
0.9311
0.9863
0.9863
0.9746
0.9672
0.9748
0.9889
0.9974
0.9998
1.0000
1.0000
1.0000
1.0000
1.0000
1.0000
1.0000
1.0000
1.0000
1.0000
1.0000
1.0000
1.0000
1.0000
1.0000
1.0000
1.0000
0.9997
0.9968
0.9846
0.9584
0.9290
0.9135
0.9019
0.9795
0.9903
0.9666
0.9237
0.8938
0.8366
0.8366
0.8406
0.8855
0.9500
0.9922
