0.9281
0.9213
0.9189
0.9214
0.9175
0.9082
0.9037
0.8989
0.9052
0.9095
0.9090
0.9061
0.8986
0.8874
0.8802
0.8753
0.8772
0.8816
0.8908
0.9036
0.9114
0.9137
0.9139
0.9104
0.9162
0.9131
0.9128
0.9143
0.9173
0.9207
0.9233
0.9229
0.9204
0.9174
0.9159
0.9126
0.9119
0.9084
0.9144
0.9191
0.9213
0.9214
0.9211
0.9215
0.9260
0.9221
0.9141
0.9077
0.9049
0.9079
0.9109
0.9104
0.9094
0.9090
0.9145
0.9237
0.9262
0.9235
0.9199
0.9175
0.9131
0.9094
0.9068
0.9054
0.9035
0.9020
0.9023
0.9022
0.9018
0.9011
0.9005
0.9006
0.9001
0.8994
0.8970
0.8912
0.8887
0.8863
0.8856
0.8847
0.8844
0.8860
0.8889
0.8923
0.8950
0.8962
0.9011
0.9016
0.8998
0.8981
0.8962
0.8958
0.8968
0.8971
0.8978
0.9038
0.9029
0.9019
0.9029
0.9047
0.9059
0.9086
0.9129
0.9133
0.9121
0.9106
0.9123
0.9209
0.9198
0.9153
0.9107
0.9092
0.9065
0.8998
0.8928
0.8873
0.8860
0.8888
0.8899
0.8886
0.8883
0.8886
0.8889
0.8874
0.8833
0.8799
0.8781
0.8801
0.8884
0.8951
0.8990
0.8979
0.8950
0.8892
0.8810
0.8815
0.8795
0.8785
0.8783
0.8774
0.8749
0.8729
0.8705
0.8688
0.8672
0.8670
0.8674
0.8676
0.8652
0.8629
0.8619
0.8637
0.8676
0.8710
0.8714
0.8719
0.8713
0.8668
0.8627
0.8596
0.8582
0.8593
0.8453
0.8376
0.8377
0.8623
0.8444
0.8283
0.8399
0.8333
0.8262
0.8356
0.8321
0.8484
0.8475
0.8517
0.8541
0.8507
0.8633
0.8531
0.8578
0.8581
0.8503
0.8570
0.8811
0.8786
0.8802
0.8809
0.8729
0.8683
0.8406
0.8266
0.8277
0.8235
