0.8000
0.7604
0.7516
0.7723
0.8090
0.8422
0.8640
0.8786
0.8962
0.9229
0.9475
0.9524
0.9376
0.9231
0.9275
0.9466
0.9638
0.9753
0.9903
0.9871
0.9890
0.9903
0.9848
0.9772
0.9773
0.9858
0.9946
0.9989
0.9999
0.9999
0.9989
0.9944
0.9835
0.9654
0.9424
0.9205
0.9091
0.9099
0.9129
0.9144
0.9217
0.9323
0.9337
0.9219
0.9053
0.8969
0.9057
0.9259
0.9403
0.9401
0.9336
0.9338
0.9422
0.9501
0.9512
0.9441
0.9410
0.9432
0.9454
0.9432
0.9410
0.9443
0.9511
0.9581
0.9659
0.9737
0.9808
0.9874
0.9896
0.9821
0.9691
0.9585
0.9548
0.9585
0.9692
0.9831
0.9929
0.9938
0.9869
0.9764
0.9675
0.9659
0.9713
0.9738
0.9666
0.9623
0.9689
0.9825
0.9935
0.9961
0.9863
0.9612
0.9313
0.9205
0.9362
0.9600
0.9765
0.9872
0.9949
0.9988
0.9998
0.9988
0.9950
0.9887
0.9851
0.9874
0.9887
0.9812
0.9676
0.9575
0.9552
0.9647
0.9749
0.9735
0.9604
0.9484
0.9424
0.9365
0.9159
0.9205
0.9022
0.9092
0.8986
0.9555
0.9575
0.9691
