0.9167
0.9222
0.8948
0.8514
0.8246
0.8318
0.8585
0.8788
0.8880
0.8974
0.9083
0.9147
0.9165
0.9167
0.9167
0.9167
0.9167
0.9167
0.9167
0.9167
0.9167
0.9165
0.9070
0.9000
0.8885
0.8822
0.8885
0.9000
0.9070
0.9089
0.9091
0.9091
0.9091
0.9091
0.9091
0.9091
0.9091
0.9091
0.9091
0.9091
0.9091
0.9091
0.9091
0.9091
0.9091
0.9091
0.9091
0.9091
0.9091
0.9091
0.9091
0.9091
0.9091
0.9091
0.9091
0.9091
0.9091
0.9089
0.9068
0.8977
0.8771
0.8502
0.8296
0.8207
0.8207
0.8296
0.8502
0.8771
0.8977
0.9068
0.9089
0.9089
0.9066
0.8954
0.8659
0.8203
0.7798
0.7614
0.7547
0.7415
0.7291
0.7432
0.7892
0.8321
0.8556
0.8743
0.8874
0.8877
0.8771
0.8705
0.8773
0.8898
0.8951
0.8874
0.8673
0.8476
0.8455
0.8573
0.8650
0.8677
0.8746
0.9752
0.9611
0.9418
0.9338
0.9587
1.0000
1.0000
0.9996
0.9961
0.9833
0.9618
0.9465
0.9416
0.9258
0.8884
1.0000
1.0000
1.0000
1.0000
1.0000
1.0000
1.0000
1.0000
1.0000
1.0000
0.9995
0.9936
0.9686
0.9119
0.8386
0.7876
0.7906
0.8110
0.9757
0.9506
0.9019
0.9030
1.0000
1.0000
1.0000
