0.8500
0.8722
0.8997
0.9206
0.9223
0.9084
0.8823
0.8695
0.8791
0.8915
0.8895
0.8794
0.8750
0.8778
0.8811
0.8821
0.8807
0.8736
0.8557
0.8309
0.8017
0.7985
0.8001
0.7970
0.7955
0.8060
0.8267
0.8437
0.8451
0.8344
0.8266
0.8299
0.8389
0.8486
0.8576
0.8608
0.8515
0.8344
0.8203
0.8141
0.8668
0.8667
0.8667
0.8667
0.8667
0.8667
0.8667
0.8667
0.8667
0.8667
0.8667
0.8667
0.8668
0.8684
0.8750
0.8902
0.9098
0.9250
0.9316
0.9284
0.9286
0.9286
0.9286
0.9286
0.9286
0.9286
0.9286
0.9284
0.9268
0.9196
0.9034
0.8823
0.8661
0.8590
0.8573
0.8571
0.8571
0.8571
0.8571
0.8571
0.8571
0.8571
0.8571
0.8571
0.8571
0.8571
0.8573
0.8590
0.8661
0.8823
0.9034
0.9196
0.9268
0.9284
0.9286
0.9286
0.9286
0.9286
0.9286
0.9286
0.9286
0.9286
0.9286
0.9286
0.9286
0.9286
0.9284
0.9268
0.9196
0.9034
0.8823
0.8661
0.8590
0.8573
0.8571
0.8571
0.8571
0.8571
0.8571
0.8571
0.8571
0.8571
0.8571
0.8570
0.8553
0.8483
0.8336
0.8180
0.8110
0.8105
0.8112
0.8198
0.8425
0.8717
0.8923
0.8910
0.8660
0.8316
0.8061
0.8534
0.8386
0.8217
0.8115
0.8064
0.7831
0.7324
0.7910
0.7933
