0.8333
0.8851
0.9118
0.9140
0.9164
0.9381
0.9549
0.9535
0.9306
0.9536
0.9521
0.9515
0.9467
0.9447
0.9554
0.9748
0.9891
0.9876
0.9675
0.9374
0.9148
0.9070
0.9054
0.9056
0.9104
0.9125
0.9016
0.8805
0.8588
0.8409
0.8274
0.8176
0.8127
0.8182
0.8336
0.8483
0.8550
0.8537
0.8430
0.8266
0.8239
0.8499
0.8891
0.9163
0.9264
0.9284
0.9286
0.9286
0.9231
0.9229
0.9213
0.9154
0.9056
0.9002
0.9038
0.9075
0.9019
0.8905
0.8785
0.8657
0.8560
0.8576
0.8734
0.8960
0.9134
0.9211
0.9229
0.9231
0.9231
0.9229
0.9211
0.9136
0.8979
0.9565
0.9565
0.9703
0.9888
0.9977
0.9998
1.0000
0.9998
0.9973
0.9844
0.9491
0.9773
0.9705
0.9773
0.9900
0.9977
0.9998
1.0000
1.0000
1.0000
1.0000
1.0000
1.0000
1.0000
1.0000
1.0000
1.0000
1.0000
1.0000
1.0000
1.0000
1.0000
1.0000
1.0000
1.0000
1.0000
1.0000
1.0000
1.0000
1.0000
1.0000
0.9997
0.9971
0.9872
0.9685
0.9474
0.9276
0.9065
0.8878
0.8779
0.8753
0.8750
0.8750
0.8750
0.8750
0.8750
0.8750
0.8750
0.8750
0.8750
0.8750
0.8750
0.8750
0.8750
0.8750
0.8750
0.8750
0.8750
0.8747
0.8721
0.8622
0.8435
0.8224
0.8026
0.7815
0.7628
0.7529
0.7503
0.7497
0.7110
0.7000
0.6819
0.6721
0.6819
0.7000
0.7110
0.7140
0.7143
0.7143
0.7143
0.7143
0.7143
0.7143
0.7143
0.7143
0.7140
0.7113
0.7036
0.6998
0.7221
0.7711
0.8111
0.8222
0.8291
0.8333
0.8333
0.8333
0.8333
0.8333
0.8333
0.8333
0.8333
0.8333
0.8333
0.8333
0.8333
0.8333
0.8333
0.8333
0.8333
0.8333
0.8330
0.8295
0.8167
0.7955
0.7841
0.7955
0.8167
0.8295
0.8330
0.8333
0.8333
0.8333
0.8000
0.8000
0.8000
0.8000
0.8000
0.8000
0.8000
0.8000
0.8000
0.8000
0.8000
0.8000
0.8000
0.8000
0.8000
0.8000
0.8000
0.8000
0.8000
