0.8956
0.9116
0.9207
0.9254
0.9249
0.9252
0.9257
0.9180
0.9073
0.9088
0.9133
0.9121
0.9061
0.8995
0.8945
0.8903
0.8923
0.8978
0.9061
0.9137
0.9175
0.9170
0.9147
0.9128
0.9123
0.9128
0.9142
0.9151
0.9147
0.9137
0.9143
0.9175
0.9223
0.9266
0.9293
0.9288
0.9257
0.9208
0.9174
0.9171
0.9185
0.9168
0.9171
0.9156
0.9169
0.9189
0.9196
0.9206
0.9200
0.9164
0.9107
0.9077
0.9091
0.9135
0.9167
0.9185
0.9190
0.9230
0.9204
0.9192
0.9197
0.9203
0.9201
0.9196
0.9201
0.9218
0.9229
0.9243
0.9255
0.9249
0.9233
0.9216
0.9210
0.9204
0.9203
0.9241
0.9234
0.9224
0.9216
0.9213
0.9212
0.9208
0.9198
0.9171
0.9124
0.9074
0.9049
0.9054
0.9073
0.9093
0.9117
0.9132
0.9128
0.9078
0.9000
0.8997
0.8967
0.9027
0.9033
0.9038
0.9028
0.9022
0.9033
0.9063
0.9099
0.9111
0.9110
0.9097
0.9076
0.9057
0.9050
0.9052
0.9041
0.9027
0.9035
0.9063
0.9092
0.9100
0.9085
0.9050
0.9023
0.9003
0.9003
0.9002
0.9016
0.9004
0.8952
0.8895
0.8872
0.8884
0.8878
0.8848
0.8803
0.8774
0.8768
0.8761
0.8718
0.8697
0.8641
0.8588
0.8541
0.8561
0.8617
0.8684
0.8705
0.8712
0.8744
0.8759
0.8802
0.8808
0.8820
0.8865
0.8878
0.8866
0.8844
0.8820
0.8790
0.8749
0.8709
0.8686
0.8658
0.8634
0.8624
0.8637
0.8671
0.8690
0.8692
0.8672
0.8666
0.8664
0.8651
0.8645
0.8635
0.8658
0.8711
0.8734
0.8704
0.8653
0.8618
0.8600
0.8610
0.8619
0.8631
0.8660
0.8695
0.8713
0.8689
0.8666
0.8652
0.8651
0.8656
0.8649
0.8628
0.8618
0.8637
0.8672
0.8694
0.8697
0.8691
0.8679
0.8668
0.8683
0.8737
0.8811
0.8861
0.8886
0.8901
0.8929
0.8946
0.8931
0.8909
0.8896
0.8909
0.8933
0.8946
0.8939
0.8912
0.8857
0.8781
0.8710
0.8681
0.8696
0.8727
0.8750
0.8759
0.8762
0.8762
0.8762
0.8750
0.8750
0.8748
0.8740
0.8728
0.8722
0.8728
0.8740
0.8748
0.8748
0.8740
0.8726
0.8712
0.8706
0.8712
0.8726
0.8743
0.8760
0.8784
0.8812
0.8832
0.8834
0.8820
0.8798
0.8780
0.8778
0.8798
0.8811
0.8811
0.8799
0.8784
0.8774
0.8762
0.8725
0.8684
0.8636
0.8599
0.8592
0.8599
0.8582
0.8550
0.8545
0.8570
0.8598
0.8609
0.8628
0.8639
0.8639
0.8618
0.8584
0.8552
0.8517
0.8476
0.8444
0.8437
0.8463
0.8504
0.8525
0.8518
0.8511
0.8531
0.8569
0.8571
0.8557
0.8546
0.8640
0.8700
0.8728
0.8716
0.8726
0.8763
0.8815
0.8817
0.8804
0.8791
0.8788
0.8777
0.8750
0.8709
0.8670
0.8639
0.8650
0.8664
0.8646
0.8674
0.8649
0.8612
0.8570
0.8534
0.8515
0.8513
0.8535
0.8584
0.8628
0.8650
0.8676
0.8710
0.8722
0.8681
0.8645
0.8639
0.8668
0.8708
0.8735
0.8744
0.8735
0.8704
0.8651
0.8585
0.8515
0.8491
0.8480
0.8451
0.8402
0.8360
0.8339
0.8334
0.8336
0.8345
0.8362
0.8379
0.8388
0.8391
0.8391
0.8388
0.8379
0.8365
0.8360
0.8379
0.8420
0.8463
0.8491
0.8500
0.8491
0.8465
0.8431
0.8405
0.8394
0.8391
0.8391
0.8391
0.8388
0.8379
0.8364
0.8354
0.8348
0.8327
0.8280
0.8219
0.8220
0.8134
0.8062
0.8119
0.8106
0.8102
0.8071
0.8070
0.8067
0.8058
0.8051
0.8049
0.8049
0.8046
0.8012
0.7996
0.7985
0.7982
0.7975
0.7970
0.7988
0.8021
0.8037
0.8034
0.8024
0.8010
0.7984
0.7957
0.7922
0.7931
0.7948
0.7968
0.7987
0.7975
0.7990
0.8019
0.8054
0.8072
0.8066
0.8050
0.8038
0.8023
0.7997
0.7972
0.7975
0.8010
0.8054
0.8089
0.8117
0.8159
0.8215
0.8265
0.8298
0.8322
0.8341
0.8351
0.8351
0.8336
0.8297
0.8244
0.8186
0.8169
0.8203
0.8239
0.8383
0.8407
0.8437
0.8508
0.8601
0.8628
0.8622
0.8570
0.8483
0.8400
0.8354
0.8335
0.8322
0.8320
0.8342
0.8392
0.8452
0.8470
0.8475
0.8458
0.8436
0.8417
0.8405
0.8404
0.8414
0.8422
0.8428
0.8417
0.8437
0.8455
0.8433
0.8415
0.8391
0.8369
0.8342
0.8310
0.8281
0.8383
0.8382
0.8358
0.8356
0.8358
0.8358
0.8352
0.8333
0.8274
0.8149
0.8069
0.8043
0.8051
0.8037
0.8000
0.7865
0.7773
0.7595
0.7481
0.7501
0.7546
0.7792
0.8028
0.8358
0.8622
0.8647
0.8577
0.8488
0.8341
0.8307
0.8004
0.7910
0.7794
0.7763
0.7819
0.7929
0.8006
0.8124
0.8282
0.8477
0.8671
0.8986
0.8865
0.8618
0.8373
0.8274
0.8134
0.8065
