0.9333
0.9465
0.9146
0.8906
0.9195
0.9133
0.8958
0.8715
0.8483
0.8325
0.8313
0.8462
0.8608
0.8582
0.8380
0.8093
0.7837
0.7689
0.7696
0.7928
0.8324
0.8673
0.8886
0.9035
0.9152
0.9213
0.9229
0.9231
0.9165
0.9147
0.9081
0.8958
0.8842
0.8824
0.8936
0.9091
0.9000
0.9000
0.9000
0.8998
0.8975
0.8749
0.8497
0.8169
0.7917
0.7806
0.7780
0.7778
0.7778
0.7778
0.7778
0.7778
0.7778
0.7778
0.7778
0.7778
0.7775
0.7750
0.7641
0.7412
0.7172
0.7086
0.7163
0.7312
0.7498
0.7664
0.7752
0.7775
0.7778
0.7778
0.7778
0.7778
0.7778
0.7778
0.7775
0.7752
0.7664
0.7498
0.7310
0.7134
0.6947
0.6780
0.6695
0.6695
0.6775
0.6895
0.6912
0.6806
0.6841
0.7160
0.7530
0.7724
0.7773
0.7778
0.7778
0.7778
0.7778
0.7778
0.7778
0.7778
0.7778
0.7778
0.7778
0.7778
0.7778
0.7778
0.7778
0.7778
0.7778
0.7778
0.7778
0.7778
0.7778
0.7775
0.7752
0.7667
0.7526
0.7449
0.7526
0.7667
0.7752
0.7775
0.7778
0.7778
0.7778
0.7775
0.7752
0.7667
0.7523
0.7424
0.7415
0.7415
0.7424
0.7523
0.7667
0.7471
0.7497
0.7500
0.7500
0.7500
0.7500
0.7500
0.7500
0.7500
0.7497
0.7471
0.7375
0.7217
0.7131
0.7217
0.7375
0.7471
0.7497
0.7500
0.7500
0.7500
0.7500
0.7500
0.7500
0.7497
0.7468
0.7340
0.7031
0.6565
0.6126
0.5942
0.6097
0.6440
0.6747
0.6971
0.7185
0.7372
0.7468
0.7465
0.7346
0.7091
0.6847
0.6844
0.7062
0.7218
0.7153
0.6971
0.6776
0.6565
0.6378
0.6279
0.6253
0.6250
0.6250
0.6250
0.6250
0.6250
0.6250
0.6250
0.6250
0.6250
0.6253
0.6282
0.6407
0.6690
0.7057
0.7311
0.7314
0.7086
0.6815
0.6690
0.6654
0.6565
0.6503
0.6589
0.6718
0.6692
0.6461
0.6193
0.6094
0.6151
0.6195
0.6122
0.5969
0.5907
0.6063
0.6286
0.6339
0.6318
0.6532
0.6964
0.7314
0.7436
0.7369
0.7182
0.6945
0.6651
0.6282
0.6008
0.5998
0.6159
0.6378
0.6688
0.7060
0.7343
0.7468
0.7497
0.7500
0.7500
0.7500
0.7500
0.7500
0.7500
0.7500
0.7497
0.7468
0.7346
0.7091
0.6847
0.6847
0.7091
0.7346
0.7468
0.7497
0.7500
0.7500
0.7500
0.7500
0.7500
0.7500
0.7497
0.7471
0.7375
0.7217
0.7131
0.7214
0.7346
0.7346
0.7214
0.7131
0.7217
0.7375
0.7471
0.7497
0.7500
0.7500
0.7500
0.7497
0.7468
0.7343
0.7062
0.6719
0.6532
0.6568
0.6651
0.6661
0.6690
0.6805
0.6976
0.7185
0.7372
0.7468
0.7468
0.7372
0.7188
0.7006
0.6933
0.7006
0.7188
0.7372
0.7481
0.7143
0.8333
0.8333
0.8333
0.8333
0.8000
0.7500
0.7500
