0.9474
0.8835
0.8257
0.7847
0.7694
0.7579
0.7270
0.6875
0.6682
0.6810
0.7112
0.7373
0.7527
0.7621
0.7637
0.7502
0.7249
0.7072
0.7142
0.7402
0.7640
0.7750
0.7773
0.7750
0.7640
0.7399
0.7531
0.7327
0.7219
0.7135
0.7150
0.7306
0.7457
0.7485
0.7471
0.7514
0.7588
0.7633
0.7646
0.7647
0.7646
0.7633
0.7589
0.7529
0.7546
0.7707
0.7909
0.7999
0.7971
0.7893
0.7794
0.7694
0.7602
0.7514
0.7458
0.7440
0.7382
0.7267
0.7204
0.7267
0.7382
0.7440
0.7458
0.7511
0.7573
0.7560
0.7439
0.7266
0.7133
0.7074
0.6875
0.6860
0.6812
0.6733
0.6690
0.6733
0.6812
0.6860
0.6875
0.6891
0.6952
0.7079
0.7201
0.7201
0.7079
0.6952
0.6890
0.6862
0.6811
0.6720
0.6644
0.6670
0.6848
0.7124
0.7358
0.7470
0.7497
0.7500
0.7500
0.7499
0.7484
0.7422
0.7278
0.7081
0.6891
0.6749
0.6692
0.6735
0.6828
0.6938
0.7078
0.7201
0.7201
0.7079
0.6952
0.6891
0.6876
0.6875
0.6875
0.6875
0.6876
0.6891
0.6953
0.7094
0.7265
0.7360
0.7358
0.7392
0.7577
0.7826
0.7955
0.7903
0.7797
0.7799
0.7917
0.8002
0.7890
0.7542
0.7130
0.6867
0.6708
0.6850
0.6734
0.6500
0.6267
0.6169
0.6252
0.6433
0.6583
0.6650
0.6665
0.6667
0.6427
0.6410
0.6339
0.6177
0.5967
0.5822
0.5822
0.5967
0.6177
0.6339
0.6412
0.6444
0.6500
0.6592
0.6658
0.6680
0.6749
0.6872
0.6875
0.6621
0.6216
0.5894
0.5751
0.5717
0.5717
0.5749
0.5875
0.6129
0.6405
0.6572
0.6642
0.6638
0.6521
0.6338
0.6234
0.6268
0.6357
0.6412
0.6427
0.6429
0.6429
0.6429
0.6430
0.6447
0.6517
0.6662
0.6802
0.6802
0.6662
0.6517
0.6447
0.6430
0.6429
0.6429
0.6429
0.6429
0.6429
0.6429
0.6429
0.6429
0.6429
0.6429
0.6429
0.6429
0.6429
0.6429
0.6429
0.6154
0.6154
0.6154
0.6154
0.6154
0.6154
0.6154
0.6156
0.6173
0.6249
0.6405
0.6556
0.6556
0.6405
0.6249
0.6173
0.6156
0.6154
0.6154
0.6668
0.6688
0.6771
0.6960
0.7206
0.7394
0.7459
0.7415
0.7311
0.7254
0.7309
0.7395
0.7376
0.7205
0.6960
0.6771
0.6688
0.6668
0.6667
0.6667
0.6667
0.6667
0.6667
0.6667
0.6667
0.6667
0.6667
0.6667
0.6667
0.6667
0.6667
0.6667
0.6667
0.6667
0.6668
0.6688
0.6771
0.6958
0.7187
0.7312
0.7290
0.7254
0.7321
0.7439
0.7275
0.7273
0.7273
0.7275
0.7296
0.7387
0.7591
0.7840
0.7977
0.7953
0.7909
0.7953
0.7977
0.7840
0.7587
0.7337
0.7728
0.7082
0.7503
0.7534
0.7686
0.7800
