0.9394
0.9419
0.9458
0.9476
0.9432
0.9350
0.9244
0.9163
0.9070
0.9002
0.9000
0.9039
0.9089
0.9165
0.9273
0.9314
0.9307
0.9241
0.9146
0.9073
0.9040
0.9033
0.9032
0.9032
0.9025
0.8999
0.8952
0.8905
0.8887
0.8912
0.8984
0.9072
0.9121
0.9083
0.9075
0.9125
0.9216
0.9284
0.9291
0.9257
0.9235
0.9258
0.9299
0.9317
0.9291
0.9224
0.9159
0.9159
0.9217
0.9258
0.9242
0.9200
0.9174
0.9167
0.9167
0.9164
0.9143
0.9067
0.8939
0.8864
0.8914
0.9024
0.9119
0.9173
0.9149
0.9067
0.9019
0.9038
0.9069
0.9070
0.8989
0.8907
0.8794
0.8760
0.8707
0.8652
0.8960
0.9040
0.9139
0.9250
0.9310
0.9300
0.9290
0.9349
0.9489
0.9460
0.9487
0.9520
0.9469
0.9290
0.9052
0.8887
0.8825
0.8791
0.8774
0.8844
0.8987
0.9095
0.9104
0.9030
0.8948
0.8938
0.8968
0.8916
0.8739
0.8467
0.8565
0.8694
0.8819
0.8876
0.8901
0.8946
0.9028
0.9105
0.9117
0.9037
0.9410
0.9412
0.9375
