0.8734
0.8453
0.8416
0.8527
0.8645
0.8580
0.8460
0.8386
0.8372
0.8446
0.8462
0.8566
0.8526
0.8402
0.8259
0.8163
0.8147
0.8233
0.8396
0.8552
0.8635
0.8652
0.8681
0.8869
0.8912
0.8895
0.8841
0.8790
0.8775
0.8817
0.8906
0.8992
0.9039
0.9060
0.9076
0.9095
0.9087
0.9087
0.9061
0.9044
0.9064
0.9098
0.9106
0.9084
0.9173
0.9187
0.9116
0.9083
0.9011
0.9027
0.9108
0.9168
0.9159
0.9123
0.9101
0.9070
0.9008
0.8963
0.8981
0.9038
0.9082
0.9101
0.9108
0.9110
0.9144
0.9189
0.9211
0.9227
0.9218
0.9218
0.9215
0.9203
0.9183
0.9172
0.9180
0.9187
0.9179
0.9168
0.9160
0.9123
0.9084
0.9076
0.9118
0.9143
0.9168
0.9159
0.9108
0.9059
0.9021
0.8999
0.9135
0.9106
0.9065
0.9020
0.8993
0.9004
0.9036
0.9044
0.8990
0.8865
0.8708
0.8719
0.8673
0.8661
0.8689
0.8750
0.8811
0.8844
0.8853
0.8867
0.8887
0.8864
0.8834
0.8816
0.8839
0.8890
0.8947
0.9004
0.9056
0.9079
0.9057
0.9009
0.8969
0.8952
0.8953
0.8974
0.9014
0.9107
0.9196
0.9236
0.9218
0.9169
0.9125
0.9090
0.9049
0.9014
0.9018
0.9071
0.9148
0.9218
0.9263
0.9281
0.9285
0.9285
0.9281
0.9264
0.9227
0.9192
0.9188
0.9201
0.9183
0.9109
0.9059
0.9050
0.9033
0.9005
0.8958
0.8935
0.8955
0.8991
0.9009
0.9015
0.9032
0.9056
0.9069
0.9069
0.9051
0.9014
0.8977
0.8977
0.9014
0.9051
0.9065
0.9050
0.9009
0.8954
0.8908
0.8875
0.8843
0.8816
0.8805
0.8798
0.8844
0.8905
0.8939
0.8887
0.8819
0.8779
0.8782
0.8825
0.8919
0.9005
0.9069
0.9087
0.9108
0.9152
0.9196
0.9235
0.9284
0.9342
0.9370
0.9370
0.9329
0.9270
0.9226
0.9210
0.9221
0.9250
0.9270
0.9302
0.9336
0.9367
0.9383
0.9387
0.9388
0.9388
0.9388
0.9388
0.9388
0.9387
0.9370
0.9349
0.9301
0.9235
0.9172
0.9106
0.9086
0.9095
0.9100
0.9059
0.8963
0.8840
0.8741
0.8702
0.8708
0.8719
0.8723
0.8723
0.8691
0.8673
0.8641
0.8610
0.8597
0.8610
0.8647
0.8701
0.8770
0.8841
0.8856
0.8808
0.8737
0.8678
0.8694
0.8772
0.8859
0.8938
0.9019
0.9097
0.9146
0.9191
0.9191
0.9146
0.9103
0.9094
0.9100
0.9086
0.9059
0.9064
0.9110
0.9157
0.9175
0.9162
0.9127
0.9088
0.9045
0.8977
0.8867
0.8732
0.8624
0.8582
0.8586
0.8590
0.8518
0.8434
0.8353
0.8339
0.8399
0.8477
0.8517
0.8511
0.8501
0.8517
0.8512
0.8525
0.8506
0.8418
0.8369
0.8363
0.8387
0.8382
0.8338
0.8306
0.8314
0.8331
0.8338
0.8363
0.8417
0.8463
0.8468
0.8437
0.8401
0.8380
0.8364
0.8332
0.8295
0.8321
0.8403
0.8487
0.8524
0.8704
0.8512
0.8308
0.8132
0.8080
0.7928
0.7885
0.7921
0.7786
