0.8824
0.9123
0.9164
0.8936
0.8573
0.8340
0.8313
0.8821
0.9016
0.9096
0.9102
0.9096
0.9016
0.8819
0.8598
0.8487
0.8514
0.8569
0.8513
0.8313
0.8042
0.7776
0.7623
0.7705
0.7928
0.8072
0.8132
0.8246
0.8402
0.8450
0.8347
0.8270
0.8350
0.8483
0.8568
0.8700
0.8930
0.9101
0.9080
0.8951
0.8852
0.8813
0.8857
0.9013
0.9183
0.9236
0.9178
0.9121
0.9115
0.9115
0.9121
0.9179
0.9251
0.9251
0.9181
0.9136
0.9179
0.9234
0.9167
0.8944
0.8690
0.8548
0.8532
0.8605
0.8696
0.8684
0.8567
0.8484
0.8516
0.8584
0.8584
0.8514
0.8470
0.8516
0.8600
0.8651
0.8665
0.8668
0.8682
0.8733
0.8818
0.8864
0.8818
0.8733
0.8682
0.8668
0.8571
0.8570
0.8555
0.8500
0.8409
0.8360
0.8411
0.8518
0.8643
0.8805
0.8963
0.9034
0.9056
0.9122
0.9214
0.9269
0.9284
0.9284
0.9269
0.9214
0.9122
0.9056
0.9034
0.8961
0.8788
0.8570
0.8338
0.8112
0.7962
0.7929
0.7933
0.7834
0.7654
0.7613
0.7710
0.7694
0.7692
0.7692
0.7692
0.8333
0.8333
0.8333
0.8333
0.8333
0.8333
0.8333
0.8332
0.8312
0.8229
0.8771
0.8502
0.8296
0.8205
0.8184
0.8182
0.8182
0.8182
0.8182
0.8182
0.8182
0.8182
0.8182
0.8182
0.8182
0.8182
0.8182
0.8182
0.8182
0.8182
0.8182
0.8182
0.8182
0.8182
0.8182
0.8182
0.8182
0.8182
0.8182
0.8182
0.8182
0.8182
0.8180
0.8161
0.8089
0.7955
0.7822
0.7770
0.7822
0.7955
0.8089
0.8161
0.8180
0.8182
0.8182
0.8182
0.8182
0.8182
0.8180
0.8159
0.8070
0.7885
0.7707
0.7707
0.7885
0.8070
0.8159
0.8180
0.8182
0.8182
0.8182
0.8182
0.8182
0.8182
0.8182
0.8182
0.8182
0.8182
0.8180
0.8161
0.8091
0.7976
0.7913
0.7976
0.8091
0.8157
0.8136
0.7977
0.7655
0.7324
0.7181
0.7205
0.7254
0.7271
0.7273
0.7273
0.7273
0.7273
0.7273
0.7273
0.7273
0.7273
0.7273
0.7273
0.7273
0.7273
0.7273
0.7273
0.7273
0.7273
0.7273
0.7273
0.7273
0.7273
0.7273
0.7273
0.7273
0.7273
0.7273
0.7273
0.7273
0.7273
0.7273
0.7273
0.7273
0.7273
0.7273
0.7273
0.7273
0.7273
0.7273
0.7273
0.7273
0.7273
0.7273
0.7273
0.7273
0.7273
0.7273
0.7273
0.7273
0.7273
0.7273
0.7273
0.7273
0.7273
0.7273
0.7273
0.7273
0.7273
0.7273
0.7273
0.7273
0.7273
0.7273
0.7273
0.7273
0.7273
0.7273
0.7273
0.7273
0.7273
0.7273
0.7273
0.7273
0.7273
0.7273
0.7273
0.7273
0.7273
0.7273
0.7273
0.7273
0.7271
0.7252
0.7182
0.7067
0.7004
0.6773
0.6898
0.6953
0.6898
0.6773
0.6707
0.6785
0.6915
0.6638
0.6527
0.6278
0.5973
0.4603
0.4602
0.4563
