0.9133
0.9411
0.9529
0.9558
0.9550
0.9536
0.9527
0.9550
0.9575
0.9562
0.9579
0.9565
0.9577
0.9612
0.9606
0.9572
0.9558
0.9556
0.9573
0.9596
0.9605
0.9598
0.9591
0.9615
0.9615
0.9592
0.9552
0.9547
0.9563
0.9623
0.9662
0.9675
0.9678
0.9655
0.9620
0.9589
0.9551
0.9536
0.9546
0.9572
0.9589
0.9598
0.9577
0.9557
0.9549
0.9560
0.9539
0.9502
0.9495
0.9483
0.9504
0.9524
0.9561
0.9565
0.9562
0.9579
0.9551
0.9525
0.9517
0.9512
0.9547
0.9545
0.9545
0.9558
0.9571
0.9570
0.9542
0.9508
0.9449
0.9443
0.9434
0.9443
0.9462
0.9473
0.9474
0.9440
0.9417
0.9416
0.9440
0.9440
0.9427
0.9465
0.9459
0.9454
0.9439
0.9421
0.9414
0.9418
0.9435
0.9456
0.9484
0.9502
0.9510
0.9504
0.9489
0.9472
0.9438
0.9398
0.9391
0.9434
0.9489
0.9511
0.9514
0.9498
0.9511
0.9490
0.9451
0.9404
0.9405
0.9412
0.9400
0.9364
0.9315
0.9206
0.9122
0.9059
0.9071
0.9139
0.9251
0.9323
0.9359
0.9402
0.9426
0.9424
0.9427
0.9409
0.9396
0.9420
0.9431
0.9424
0.9400
0.9367
0.9353
0.9380
0.9426
0.9459
0.9464
0.9461
0.9460
0.9457
0.9472
0.9466
0.9461
0.9449
0.9432
0.9422
0.9430
0.9444
0.9448
0.9473
0.9452
0.9420
0.9354
0.9283
0.9208
0.9145
0.9201
0.9202
0.9209
0.9215
0.9216
0.9173
0.9163
0.9207
0.9207
0.9199
0.9225
0.9237
0.9233
0.9213
0.9197
0.9212
0.9234
0.9245
0.9236
0.9213
0.9207
0.9213
0.9247
0.9251
0.9266
0.9284
0.9293
0.9290
0.9275
0.9281
0.9269
0.9244
0.9206
0.9149
0.9071
0.9019
0.9033
0.9121
0.9140
0.9160
0.9160
0.9153
0.9143
0.9132
0.9132
0.9139
0.9153
0.9171
0.9194
0.9205
0.9199
0.9187
0.9213
0.9209
0.9234
0.9238
0.9230
0.9206
0.9190
0.9196
0.9224
0.9243
0.9234
0.9216
0.9250
0.9261
0.9279
0.9289
0.9310
0.9327
0.9313
0.9268
0.9227
0.9196
0.9180
0.9084
0.8988
0.8924
0.8904
0.8922
0.8977
0.8987
0.8954
0.9009
0.9028
0.9103
0.9162
0.9191
0.9163
0.9215
0.9260
0.9221
0.9186
0.9114
0.9092
0.9073
0.9057
0.8974
0.8835
0.8804
0.8823
0.8860
0.8934
0.9021
0.9070
0.9165
0.9169
0.9155
0.9162
