0.9167
0.8406
0.8208
0.8328
0.8314
0.8055
0.7952
0.8242
0.8627
0.8860
0.9054
0.9270
0.9372
0.9249
0.8958
0.8667
0.8543
0.8627
0.8772
0.8773
0.8587
0.8874
0.8650
0.8378
0.8249
0.8354
0.8548
0.8622
0.8554
0.8414
0.8203
0.7877
0.7444
0.7059
0.6897
0.6902
0.6879
0.6771
0.6705
0.6773
0.6900
0.6977
0.6998
0.7000
0.7002
0.7025
0.7123
0.7327
0.7522
0.7524
0.7352
0.7249
0.7378
0.7650
0.7874
0.7975
0.7996
0.7977
0.7900
0.7773
0.7705
0.7526
0.7667
0.7752
0.7775
0.7778
0.7775
0.7752
0.7667
0.7526
0.7449
0.7526
0.7667
0.7752
0.7775
0.7778
0.7778
0.7778
0.7778
0.7778
0.7775
0.7752
0.7667
0.7528
0.7478
0.7663
0.8027
0.8306
0.8247
0.7912
0.7672
0.7692
0.7720
0.7564
0.7383
0.7364
0.7500
0.7638
0.7638
0.7498
0.7345
0.7321
0.7470
0.7500
0.7500
0.7503
0.7532
0.7657
0.7938
0.8278
0.8436
0.8278
0.7938
0.7657
0.7529
0.7471
0.7343
0.7062
0.6722
0.6564
0.6719
0.7033
0.7215
0.7153
0.6971
0.6776
0.6565
0.6378
0.6279
0.7146
0.7143
0.7143
0.7143
0.7143
0.7143
0.7143
0.7143
0.7143
0.7143
0.7143
0.7143
0.7143
0.7143
0.7143
0.7143
0.7143
0.7143
0.7143
0.7143
0.7146
0.7179
0.7322
0.7646
0.8068
0.8392
0.8535
0.8568
0.8568
0.8538
0.8428
0.8248
0.8149
0.8248
0.8428
0.8538
0.8568
0.8571
0.8568
0.8538
0.8428
0.8251
0.8186
0.8424
0.8898
0.9321
0.9494
0.9542
0.9670
0.9821
0.9791
0.9530
0.9254
0.9254
0.9533
0.9824
0.9964
0.9997
0.9997
0.9967
0.9857
0.9673
0.9542
0.9497
0.9354
0.9041
0.8751
0.8644
0.8754
0.9075
0.9497
0.9818
0.9927
0.9818
0.9497
0.9078
0.8787
0.8787
0.9078
0.9494
0.9787
0.9821
0.9673
0.9575
0.9640
0.9678
0.9464
0.9072
0.8751
0.8608
0.8575
0.8571
0.8571
0.8571
0.8571
0.8571
0.8571
0.8571
0.8571
0.8571
0.8571
0.8571
0.8571
0.8571
0.8568
0.8538
0.8428
0.8244
0.8116
0.8101
0.8068
0.7940
0.7778
0.7682
0.7792
0.8101
0.8392
0.8502
0.8425
0.8248
0.8149
0.8248
0.8428
0.8538
0.8568
0.8571
0.8571
0.8571
0.8571
0.8571
0.8571
0.8571
0.8571
0.8571
0.8571
0.8571
0.8571
0.8571
0.8571
0.8571
0.8575
0.8608
0.8751
0.9075
0.9413
0.9787
0.9915
0.9791
0.9455
0.9127
0.9118
0.9449
1.0000
1.0000
1.0000
1.0000
1.0000
1.0000
1.0000
1.0000
1.0000
1.0000
1.0000
1.0000
1.0000
