0.8276
0.8173
0.8295
0.8570
0.8844
0.8977
0.8988
0.8945
0.8888
0.8919
0.9045
0.9165
0.9154
0.9046
0.8856
0.8694
0.8656
0.8730
0.8837
0.8923
0.8907
0.8794
0.8658
0.8529
0.8797
0.8794
0.8854
0.8954
0.9148
0.9326
0.9854
0.9842
0.9880
0.9935
0.9934
0.9865
0.9766
0.9643
0.9486
0.9357
0.9288
0.9183
0.8987
0.8777
0.8593
0.8394
0.8225
0.8001
0.7960
0.7888
0.8019
0.8309
0.9112
0.9034
0.8899
0.8889
0.8905
0.9464
0.9708
0.9826
0.9792
0.9676
0.9496
0.9111
0.8810
0.8667
0.8695
0.8809
0.8875
0.8899
0.8972
0.9045
0.8979
0.8762
0.8554
0.8478
0.8411
0.8271
0.8157
0.7956
0.7533
0.7558
0.6656
0.7025
