0.9706
0.9727
0.9778
0.9795
0.9725
0.9648
0.9673
0.9772
0.9858
0.9914
0.9923
0.9850
0.9710
0.9600
0.9585
0.9620
0.9646
0.9681
0.9743
0.9791
0.9811
0.9837
0.9897
0.9947
0.9928
0.9842
0.9746
0.9684
0.9666
0.9674
0.9660
0.9622
0.9661
0.9821
0.9928
0.9982
0.9975
0.9895
0.9741
0.9607
0.9596
0.9661
0.9670
0.9579
0.9722
0.9750
0.9804
0.9886
0.9957
0.9991
0.9999
1.0000
0.9999
0.9991
0.9955
0.9873
0.9760
0.9652
0.9571
0.9538
0.9562
0.9607
0.9635
0.9642
0.9643
0.9642
0.9634
0.9598
0.9517
0.9412
0.9339
0.9330
0.9358
0.9340
0.9222
0.9081
0.9040
0.9087
0.9145
0.9244
0.9411
0.9563
0.9612
0.9592
0.9545
0.9511
0.9498
0.9451
0.9317
0.9097
0.9153
0.9118
0.9144
0.9159
0.9181
0.9149
0.9058
0.8932
0.8761
0.8666
0.8627
0.8588
0.8619
0.8569
0.8613
0.8690
0.8624
0.8447
0.8205
0.8041
0.7985
0.8055
0.8102
0.8007
0.8056
