0.010607
0.024792
0.046761
0.068884
0.082923
0.089027
0.086473
0.074378
0.063179
0.060368
0.060577
0.055734
0.04191
0.018475
-0.0032128
-0.0087355
0.00057731
0.013643
0.025973
0.045683
0.076101
0.10793
0.13309
0.14332
0.12836
0.09266
0.052741
0.020668
-0.00054073
-0.013533
-0.021203
-0.019036
-0.0034642
0.015607
0.024983
0.02097
0.0023547
-0.030267
-0.060305
-0.07259
-0.068165
-0.051675
-0.033305
-0.024531
-0.03058
-0.041596
-0.033962
-0.0034044
0.023955
0.028131
0.022663
0.019807
0.0061712
-0.017482
-0.025934
-0.019009
-0.019102
-0.022345
-0.0098086
0.016694
0.03281
0.026346
0.014615
0.011227
0.0074724
-0.0038823
-0.012046
-0.0065218
0.0066241
0.012981
0.0094204
0.013102
0.038461
0.068789
0.079778
0.071936
0.055994
0.035726
0.015355
0.0042333
0.0033523
0.0036821
0.0018487
-7.6152e-05
-0.0024928
-0.0067805
-0.012274
-0.019937
-0.032606
-0.048961
-0.067412
-0.080919
-0.07797
-0.060475
-0.037095
-0.017708
0.00049963
0.034402
0.076961
0.098336
0.086649
0.05584
0.026897
0.010261
-0.0013028
-0.018515
-0.03929
-0.05159
-0.048367
-0.033264
-0.011176
0.0062662
0.003618
-0.012673
-0.017043
-0.000279
0.02003
0.025781
0.013936
-0.004435
-0.014156
-0.011539
-0.0084581
-0.016391
-0.028552
-0.035277
-0.039749
-0.043777
-0.045278
-0.040785
-0.02927
-0.025632
-0.041799
-0.058772
-0.052993
-0.03309
-0.023285
-0.028592
-0.032431
-0.024551
-0.011954
-0.0033357
0.00034199
-0.0013496
-0.014481
-0.037368
-0.051675
-0.049274
-0.045602
-0.050148
-0.052922
-0.04633
-0.039366
-0.037352
-0.026552
-0.0022388
0.01805
0.028326
0.041135
0.054321
0.048009
0.020149
-0.0033717
-0.0046077
0.0072207
0.013837
0.0062124
-0.010821
-0.027116
-0.037062
-0.040379
-0.037839
-0.034628
-0.034331
-0.029597
-0.018448
-0.012657
-0.020267
-0.032757
-0.033359
-0.018353
0.004421
0.026
0.03458
0.03087
0.024545
0.016662
0.0054097
-0.0089135
-0.023888
-0.03215
-0.026809
-0.015264
-0.012302
-0.022545
-0.036499
-0.044137
-0.047173
-0.049476
