-0.011005
-0.01402
-0.014939
-0.011735
-0.0071967
-0.0016319
0.017121
0.051129
0.081012
0.086118
0.066066
0.040799
0.026195
0.017979
0.0056807
-0.008925
-0.020919
-0.029383
-0.031032
-0.028002
-0.036173
-0.065896
-0.10223
-0.11964
-0.1049
-0.07847
-0.074186
-0.084283
-0.076967
-0.05728
-0.047223
-0.047391
-0.044601
-0.027878
-0.0047512
0.013196
0.031172
0.056333
0.077981
0.08124
0.07594
0.076685
0.079509
0.084351
0.095095
0.10135
0.088672
0.06563
0.052232
0.046801
0.041926
0.039994
0.036901
0.03109
0.033909
0.043502
0.042083
0.034692
0.043839
0.066502
0.075367
0.060383
0.042732
0.039872
0.040333
0.033625
0.024421
0.0076545
-0.020979
-0.042314
-0.039952
-0.023168
-0.0081235
-0.004633
-0.013314
-0.026361
-0.037334
-0.0391
-0.024759
-0.00086091
0.018106
0.028085
0.034879
0.038573
0.034675
0.030027
0.039143
0.055093
0.054596
0.036532
0.023432
0.024923
0.030914
0.035291
0.039291
0.042933
0.041652
0.020527
-0.027062
-0.076661
-0.09094
-0.063246
-0.023497
-0.0022175
-0.0068389
-0.021664
-0.029702
-0.032985
-0.040716
-0.051386
-0.05212
-0.041546
-0.036876
-0.046497
-0.058807
-0.063286
-0.061759
-0.061787
-0.06751
-0.072862
-0.071481
-0.066475
-0.060823
-0.047551
-0.025923
-0.0081238
