0.055676
0.065988
0.080987
0.097341
0.10018
0.073389
0.025151
-0.02364
-0.0671
-0.09965
-0.10644
-0.090574
-0.0751
-0.069359
-0.046952
0.017607
0.10269
0.16544
0.18862
0.17752
0.14195
0.091897
0.052046
0.040882
0.043168
0.036413
0.025461
0.021437
0.015934
-1.6499e-05
-0.023927
-0.041618
-0.029912
0.010225
0.046272
0.06031
0.065073
0.073173
0.082531
0.074642
0.038429
-0.0028983
-0.021429
-0.01342
0.0071335
0.024309
0.030419
0.032239
0.039459
0.045507
0.041982
0.03108
0.017545
0.0057116
0.0083962
0.03192
0.049016
0.035637
0.0094748
-0.0055213
-0.0062739
-0.0022557
-0.0026692
-0.0074022
