0.0088234
0.01027
0.012817
0.019504
0.024691
0.019617
0.0074228
-0.00048885
0.0088234
0.034105
0.050233
0.042458
0.030296
0.033861
0.050296
0.068605
0.08579
0.095561
0.089794
0.079373
0.074762
0.070748
0.066244
0.067329
0.076529
0.089901
0.097337
0.085094
0.050652
0.017016
0.0047414
0.0082687
0.012832
0.015969
0.022674
0.024417
0.012515
-0.0024351
-0.0095029
-0.0094995
-0.0054082
0.0011856
0.011323
0.026475
0.04183
0.047154
0.037881
0.024097
0.018671
0.017219
0.0078376
-0.0031009
0.0002483
0.018336
0.036688
0.040452
0.02787
0.011698
0.0045117
0.004862
0.0063303
0.00424
-0.0070877
-0.027308
-0.045974
-0.046582
-0.027429
-0.0073788
0.00041583
0.0021774
0.01131
0.026937
0.030397
0.012783
-0.0080369
-0.01639
-0.01566
-0.011264
-0.0079142
-0.0086
-0.008543
-0.0074533
-0.0094237
-0.011806
-0.011786
-0.0030679
0.018559
0.033283
0.026582
0.012728
0.0018865
-0.0065946
-0.0076617
0.0028388
0.021291
0.043736
0.063848
0.071842
0.065029
0.051232
0.034841
0.01482
-0.0015745
-0.0066796
-0.0017801
0.0064544
0.008399
0.0017036
-0.0052066
-0.0069472
-0.0069937
-0.0087227
-0.012043
-0.011385
-0.0023376
0.0048628
0.0030744
0.0006384
0.0019691
0.0010537
-0.0037936
-0.0070375
-0.0056385
-0.0033368
-0.0051809
-0.011851
-0.018249
-0.020818
-0.021238
-0.016744
-0.0048321
0.0091539
0.015842
0.0097515
0.0012085
0.0013734
0.0043542
0.00048713
-0.010104
-0.022117
