-0.0041065
0.0010925
0.010561
0.01876
0.02119
0.020317
0.024271
0.037484
0.047454
0.036211
0.0077563
-0.0095056
0.0043235
0.033095
0.051673
0.055282
0.050965
0.047248
0.046439
0.043743
0.037346
0.033668
0.041943
0.062791
0.086251
0.10583
0.12788
0.1421
0.12454
0.084654
0.056183
0.051764
0.059857
0.063292
0.058327
0.053107
0.049392
0.041006
0.031249
0.037685
0.062547
0.078177
0.071816
0.068156
0.079111
0.09036
0.091937
0.082911
0.067645
0.055494
0.043853
0.021786
-0.0015598
-0.0099778
-0.00060309
0.022011
0.041295
0.035336
0.0085847
-0.013799
-0.0185
-0.010987
0.00024075
0.0079676
0.0044539
-0.010161
-0.026543
-0.030213
-0.018463
-0.0063434
-0.0023048
-0.0079554
-0.02138
-0.027172
-0.016832
0.0048649
0.029782
0.037092
0.016544
-0.012243
-0.027967
-0.025545
-0.012812
0.0031906
0.019347
0.029546
0.029132
0.017495
0.0010916
-0.0058396
0.00087146
0.0044654
6.789e-05
0.010072
0.040144
0.073457
0.10338
0.12155
0.11165
0.077015
0.042625
0.024652
0.014911
-0.00080282
-0.02105
-0.033452
-0.034409
-0.029517
-0.025368
-0.027069
-0.033143
