0.014501
0.020482
0.023052
0.019314
0.018409
0.028308
0.035049
0.028651
0.01982
0.018711
0.027874
0.044283
0.056063
0.053043
0.043256
0.040722
0.043513
0.037055
0.018408
0.005095
0.012519
0.039888
0.076968
0.10803
0.1168
0.10135
0.07934
0.068662
0.069141
0.07093
0.070176
0.069624
0.078231
0.099254
0.11238
0.0994
0.068962
0.045701
0.047514
0.059914
0.05259
0.02688
0.0083343
0.0055799
0.011312
0.024459
0.037923
0.027806
-0.0085972
-0.038076
-0.037747
-0.016518
0.0017549
0.001355
-0.011265
-0.016589
-0.0072122
0.0056835
0.013362
0.016907
0.016617
0.012644
0.0075018
0.0038739
0.0011036
-0.0060688
-0.013865
-0.00751
0.01556
0.037932
0.0492
0.053324
0.045018
0.019428
-0.0060869
-0.012338
-0.0045692
-0.0015822
-0.0058962
-0.0095153
-0.01218
-0.010905
-0.0001427
0.016957
0.027122
0.019868
0.0041479
-0.0073544
-0.016195
-0.022779
-0.021293
-0.016046
-0.016747
-0.021874
-0.02468
-0.023657
-0.01986
-0.016845
-0.018818
-0.026524
-0.035452
-0.042708
-0.048798
-0.048891
-0.039748
-0.026879
-0.015427
-0.0097426
-0.011757
-0.014667
-0.013651
-0.010269
-0.0081446
-0.013419
-0.024159
-0.034704
-0.048649
-0.059589
-0.055785
-0.043171
-0.030255
-0.020013
-0.018528
-0.024932
-0.025139
-0.016621
-0.015608
-0.02717
-0.038002
-0.042084
-0.043294
-0.041095
-0.035445
-0.031973
-0.034089
-0.03948
-0.044846
-0.046992
-0.04356
-0.038418
-0.037968
-0.041695
-0.043636
-0.04436
-0.047944
-0.051663
-0.049671
-0.045119
-0.046126
-0.054742
-0.064903
-0.0698
-0.072509
-0.077778
-0.07989
-0.072569
-0.061128
-0.050043
-0.042004
-0.045287
-0.062288
-0.082659
-0.091674
-0.083781
-0.067305
-0.057856
-0.060481
-0.066857
-0.068493
-0.064013
-0.054766
-0.043204
-0.036925
-0.039577
-0.043021
-0.039954
-0.033886
