-0.0064372
-0.010012
-0.0083847
-0.0017739
-0.0039611
-0.021975
-0.041576
-0.042163
-0.021552
-0.0020302
-0.0013318
-0.011729
-0.015499
-0.001337
0.033636
0.076094
0.10462
0.10936
0.092963
0.063103
0.031149
0.011941
0.022833
0.064064
0.098154
0.097306
0.082047
0.075204
0.071961
0.064443
0.048694
0.019436
-0.012294
-0.028336
-0.031607
-0.035899
-0.044497
-0.052683
-0.056512
-0.057052
-0.055563
-0.052162
-0.046968
-0.039683
-0.035917
-0.040519
-0.046548
-0.046187
-0.044634
-0.045452
-0.043942
-0.040785
-0.03872
-0.038403
-0.042757
-0.056064
-0.066798
-0.052134
-0.0086049
0.041644
0.073267
0.079632
0.073014
0.05782
0.028675
-0.00084041
-0.015057
-0.024423
-0.03048
-0.014416
0.015664
0.03164
0.030986
0.024278
0.0094513
-0.010746
-0.017041
0.003658
0.033282
0.042927
0.027343
-0.0052476
-0.040479
-0.065559
-0.082867
-0.083363
-0.049632
-0.00085042
0.028395
0.033086
0.025873
0.017865
0.014135
0.012525
0.0057365
-0.013896
-0.03995
-0.058347
-0.066516
-0.067104
-0.061928
-0.050936
-0.034251
-0.016011
