0.017377
0.0058262
-0.013689
-0.030252
-0.02792
-0.0070659
0.021659
0.054847
0.086342
0.10115
0.09757
0.084033
0.06245
0.039493
0.031477
0.046283
0.061752
0.051219
0.021169
-0.0038996
-0.012928
-0.011051
-0.0058307
-0.0038332
-0.010608
-0.019955
-0.018635
-0.004266
0.010782
0.012526
0.0042602
0.00054751
0.0018851
0.0019361
0.0068206
0.015967
0.019918
0.018375
0.020392
0.032834
0.042068
0.028987
0.0021018
-0.014053
-0.012179
-0.00017987
0.019315
0.039956
0.046076
0.034761
0.017884
0.0070677
0.0068927
0.016445
0.028864
0.033449
0.026551
0.013696
0.0042761
0.0043868
0.0063279
-0.0054188
-0.03178
-0.050527
-0.045295
-0.029904
-0.017986
-0.0054811
0.0070555
0.014949
0.018558
0.021928
0.026166
0.027008
0.022833
0.014826
0.0068701
0.0083658
0.021435
0.030776
0.023079
0.0044569
-0.011891
-0.019813
-0.019797
-0.016656
-0.020748
-0.037565
-0.05652
-0.064659
-0.058887
-0.044308
-0.033932
-0.038537
-0.051093
-0.055094
-0.045232
-0.029869
-0.019131
-0.013331
-0.0041045
0.0081999
0.010641
-0.0011262
-0.015923
-0.022145
-0.018604
-0.012149
-0.010261
-0.022398
-0.04662
-0.061664
-0.053502
-0.034062
-0.021738
-0.020869
-0.023285
-0.021078
-0.018058
-0.020639
-0.021475
-0.015228
-0.0050775
0.0081773
0.019984
0.032946
0.053558
0.069842
0.068112
0.057194
0.049563
0.042802
0.030139
0.013675
0.0042548
0.0043389
0.004423
-0.0017187
-0.0074097
-0.00028257
0.025359
0.063229
0.090736
0.086511
0.0586
0.03012
0.014551
0.0094218
0.0068905
0.007408
0.013885
0.020077
0.016267
0.0040618
-0.0064494
-0.010605
-0.010615
-0.0096301
-0.008989
-0.0050805
-9.9954e-05
-0.0060332
-0.021759
-0.032207
-0.032174
-0.026949
-0.016191
-0.0015105
0.0060464
0.0029169
-0.001783
-0.0051767
-0.013348
-0.02641
-0.032616
-0.022419
-0.0041267
0.005421
0.0025409
-0.0022456
-0.0017151
0.0055386
0.014716
0.014758
0.0027537
-0.013429
-0.02174
-0.016111
-0.0046358
0.0036112
0.0060398
0.0045751
0.0060133
0.010521
0.011846
0.012839
0.017571
0.019718
0.01151
-0.0025239
-0.01237
-0.018201
-0.018436
-0.0072424
0.012362
0.033068
0.048361
0.054494
0.051377
0.043154
0.035786
0.034092
0.038019
0.045177
0.050023
0.043555
0.02828
0.01725
0.010237
0.00020664
-0.0085249
-0.0093246
-0.0069218
-0.0093809
-0.015588
-0.019628
-0.019513
-0.018139
-0.015993
-0.01223
