0.043162
0.062066
0.084106
0.10038
0.1162
0.14059
0.16731
0.18669
0.18934
0.16376
0.11559
0.070491
0.04501
0.03787
0.045289
0.053969
0.047844
0.037805
0.040283
0.051256
0.064013
0.076434
0.087784
0.09825
0.10835
0.11321
0.10824
0.099237
0.081533
0.052924
0.032717
0.031064
0.05006
0.094446
0.14815
0.17926
0.16958
0.1306
0.090765
0.067715
0.054843
0.045236
0.041732
0.046581
0.059697
0.073967
0.081481
0.083687
0.08285
0.082483
0.094732
0.11681
0.12389
0.11124
0.10291
0.11234
0.1251
0.11998
0.09518
0.070112
0.054924
0.04501
0.040045
