0.0083854
0.019499
0.036109
0.050674
0.056752
0.061033
0.069841
0.076071
0.070482
0.049103
0.020429
-0.0005516
-0.0099853
-0.012547
-0.0056992
0.014154
0.03313
0.034058
0.031327
0.052074
0.092789
0.12187
0.11843
0.092811
0.074415
0.085909
0.114
0.117
0.083294
0.043831
0.019758
0.0080303
0.0057077
0.013869
0.025066
0.031619
0.037611
0.038848
0.027599
0.01417
0.0096839
0.016497
0.031496
0.040794
0.036151
0.026872
0.02089
0.015245
0.0074726
0.0056052
0.016218
0.027125
0.021122
-0.0060071
-0.04085
-0.057814
-0.047322
-0.02375
-0.0041778
-0.0028848
-0.0271
-0.059123
-0.068568
-0.052488
-0.034405
-0.024385
-0.011731
0.0065553
0.023484
0.042709
0.060943
0.057064
0.032739
0.020472
0.034852
0.062641
0.086993
0.090973
0.067912
0.033296
-0.0021461
-0.027436
-0.019591
0.017188
0.058488
0.084345
0.083726
0.072049
0.061305
0.041469
0.016249
-0.0022356
-0.013661
-0.022141
-0.029332
-0.031156
-0.023627
-0.013592
-0.010462
-0.013318
-0.014365
-0.0094763
-0.0011731
