-0.015728
-0.016461
-0.011557
-0.0030177
0.0013044
-0.0051007
-0.021494
-0.044062
-0.064057
-0.071163
-0.065977
-0.057268
-0.045595
-0.017661
0.033953
0.084602
0.10126
0.090992
0.072985
0.048516
0.033698
0.05225
0.088926
0.096324
0.063132
0.028502
0.016456
0.012453
0.0013881
-0.014509
-0.021611
-0.005216
0.027497
0.051612
0.054158
0.047976
0.060123
0.094225
0.11894
0.12403
0.11552
0.076321
0.020183
-0.015978
-0.029195
-0.035656
-0.035323
-0.011492
0.034228
0.066838
0.058721
0.026299
-0.0022814
-0.023466
-0.041427
-0.057213
-0.074747
-0.084521
-0.07678
-0.066968
-0.068971
-0.07245
-0.062282
-0.027905
0.024931
0.058925
0.049444
0.022229
0.0023139
-0.010704
-0.015168
-0.011094
-0.0098528
-0.014864
-0.017364
-0.017056
-0.021202
-0.029615
-0.034191
-0.029758
-0.02074
-0.012954
