0.005928
-0.0033126
-0.012145
-0.0067516
0.0067943
0.010806
0.013271
0.03207
0.048464
0.030455
-0.0044838
-0.016069
0.00048778
0.029973
0.066941
0.10474
0.12512
0.11621
0.092274
0.07458
0.063353
0.048865
0.035017
0.027625
0.022097
0.020063
0.028503
0.039046
0.038275
0.030542
0.024772
0.019415
0.010519
0.0020656
0.0022493
0.01051
0.016089
0.015485
0.02543
0.050328
0.065191
0.06226
0.056975
0.05511
0.054488
0.05338
0.051835
0.049592
0.041905
0.029722
0.023408
0.030154
0.048384
0.072681
0.090826
0.088037
0.065236
0.036763
0.016
0.0089926
0.013902
0.023767
0.031727
0.032038
0.02585
0.026541
0.03794
0.045335
0.03756
0.020386
0.0034724
-0.0084646
-0.013805
-0.011622
-0.0041583
0.0010724
0.0026077
0.0074626
0.02174
0.039283
0.042149
0.029766
0.021967
0.025014
0.029983
0.027037
0.015782
0.0051811
-0.00058962
-0.003083
-0.0015825
0.0026472
0.0020241
-0.0070635
-0.015257
-0.01402
-0.013327
-0.020909
-0.026411
-0.018387
0.0042725
0.029969
0.044119
0.046051
0.042198
0.028549
0.0033967
-0.020316
-0.030497
-0.025508
-0.014968
-0.01046
-0.012623
-0.016971
-0.020688
