0.00068933
0.0024961
0.0067347
0.013375
0.021903
0.032145
0.038398
0.034397
0.026562
0.023318
0.023567
0.02649
0.036138
0.057052
0.082896
0.093221
0.080102
0.058806
0.048617
0.061971
0.094561
0.11714
0.10256
0.066406
0.039832
0.029204
0.03321
0.0499
0.063279
0.05737
0.03879
0.025371
0.019619
0.014983
0.010468
0.0053184
-0.0035043
-0.014736
-0.021692
-0.018913
-0.0054652
0.012319
0.027313
0.040858
0.053498
0.057897
0.05127
0.04129
0.030178
0.0075068
-0.030368
-0.058991
-0.051906
-0.021031
0.0067469
0.022712
0.027316
0.022523
0.018995
0.025907
0.033539
0.028236
0.015587
0.0066172
0.0063935
0.018957
0.036746
0.039944
0.022632
-0.00013255
-0.015895
-0.022726
-0.015749
0.0077167
0.027494
0.02608
0.017709
0.020035
0.034687
0.055023
0.06856
0.068965
0.063964
0.057893
0.047339
0.037582
0.038797
0.043991
0.039213
0.028018
0.015733
-0.00018942
-0.015819
-0.024434
-0.023952
-0.013996
-0.0019192
9.4301e-05
-0.0088507
-0.020528
-0.028514
-0.029325
-0.022256
-0.012632
-0.0060313
-0.0061091
-0.014927
-0.023489
-0.022292
-0.016374
-0.013286
-0.016747
-0.024206
-0.02604
-0.020263
-0.009574
0.004604
0.0099572
-5.5525e-05
-0.0038613
0.017483
0.050544
0.072144
0.073777
0.056947
0.034992
0.026875
0.032662
0.03735
0.03236
0.020646
0.0071503
-0.0083936
-0.024206
-0.034382
-0.040546
-0.045365
-0.044589
-0.037751
-0.032266
-0.034326
-0.041025
