0.0046712
-0.012129
-0.017766
-0.0079818
0.0057053
0.017203
0.032546
0.051469
0.062178
0.061186
0.056394
0.053197
0.048944
0.035357
0.019583
0.016715
0.021593
0.025033
0.029269
0.029828
0.02295
0.019511
0.02505
0.029108
0.026668
0.020736
0.0086271
-0.010791
-0.027308
-0.033331
-0.037344
-0.040659
-0.031932
-0.01298
0.001334
0.0048524
0.0045562
0.0069226
0.010503
0.00932
-0.0015839
-0.015057
-0.012861
0.0089981
0.03438
0.045475
0.045512
0.053584
0.067545
0.068593
0.055017
0.037357
0.025555
0.027348
0.036541
0.040201
0.04122
0.044193
0.040465
0.032026
0.029511
0.027856
0.02077
0.011345
-0.0014441
-0.020948
-0.042292
-0.054392
-0.050098
-0.032809
-0.012201
0.0084356
0.025767
0.030615
0.020916
0.0062073
-0.0012641
0.002499
0.0090755
0.0093961
0.0069919
0.0098942
0.017753
0.024223
0.023011
0.015462
0.01151
0.015481
0.016622
0.0080158
0.00066076
0.0058153
0.022676
0.046276
0.065635
0.062962
0.03937
0.016961
0.0053133
0.0006619
0.0018686
0.0040774
0.0028754
0.0048324
0.013053
0.01609
0.0079397
0.00050634
0.0045124
0.016074
0.026561
0.031221
0.029949
0.027195
0.027134
0.02944
0.029127
0.02255
0.015338
0.014675
0.016682
0.015941
0.016972
0.02224
0.029947
0.039805
0.046415
0.047382
0.047086
0.042098
0.030084
0.024096
0.030106
0.032098
0.021439
0.010749
0.010212
0.016671
0.023873
0.029818
0.033513
0.032759
0.026623
0.018026
0.011404
0.0037101
-0.0046154
-0.0023744
0.0080746
0.012775
0.0075001
-0.0064287
-0.024062
-0.033064
-0.026476
-0.013419
-0.0057124
-0.0042631
-0.0040808
-0.0071952
-0.01854
-0.026399
-0.018535
-0.0071239
-0.0034699
-0.0011197
0.0047627
0.011156
0.014873
0.013991
0.0098771
0.0076769
0.009431
0.01533
0.021003
0.018678
0.010093
0.0028225
-0.0016791
-0.0062298
-0.011447
