0.0057266
-0.0044966
-0.016834
-0.017806
-0.0073919
0.0022506
0.011449
0.028227
0.045182
0.046105
0.029751
0.01073
0.0016257
0.00041981
-0.0017507
-0.0038641
-0.0011634
0.0032857
0.0098061
0.024453
0.04112
0.043715
0.031984
0.027437
0.043901
0.070693
0.088061
0.085709
0.068289
0.049481
0.039599
0.040515
0.044221
0.041572
0.03584
0.031043
0.024177
0.017927
0.018091
0.025632
0.03699
0.04895
0.056931
0.054664
0.04438
0.033742
0.026692
0.021265
0.013052
0.0046451
0.0062624
0.014223
0.010243
-0.0033575
-0.004362
0.011537
0.023513
0.020126
0.012444
0.0079305
0.0053785
0.0088418
0.018377
0.024843
0.025511
0.024315
0.022597
0.020403
0.018676
0.014324
0.0053039
0.0017993
0.008945
0.015532
0.013021
0.0051519
0.0019528
0.0066212
0.012667
0.013062
0.0083876
0.005252
0.0074115
0.013908
0.025216
0.04135
0.052897
0.047608
0.023605
-0.0099596
-0.03738
-0.043913
-0.03026
-0.010081
0.0089103
0.025743
0.033453
0.026076
0.011587
0.0018964
-0.00020416
-0.0015839
-0.0055328
-0.0042593
0.0042587
0.012197
0.0134
0.0098187
0.0076607
0.009447
0.015384
0.021536
0.020949
0.015543
0.0093001
-0.00024773
-0.013035
-0.020405
-0.017947
-0.010233
-0.0011055
0.0050566
0.0050319
0.0021602
-7.6612e-09
-0.0021606
-0.0050414
-0.005197
-6.1224e-05
0.0047365
0.0032759
-0.0010496
-0.0013994
0.0019826
0.0032805
0.0017703
0.00046092
0.00012758
0.00054032
0.0024897
0.0071343
0.014361
0.022272
0.024751
0.017296
0.0075301
0.0043899
0.008128
0.013654
0.015863
0.015654
0.015345
0.011358
0.0024989
-0.0035509
0.00020163
0.011865
0.023431
0.029356
0.032038
0.033499
0.030349
0.019699
0.005358
-0.003027
-0.00047316
0.0078158
0.009264
-0.0029388
-0.018854
-0.026008
-0.025838
-0.023767
-0.019742
-0.012128
-0.0041895
0.0013048
0.0059676
0.0099085
0.012311
0.015406
0.021819
0.028595
0.027681
0.020436
0.017291
0.018438
0.016845
0.012083
0.0066831
0.0030166
0.0034207
0.0085847
0.016464
0.023789
0.029234
0.030756
0.025303
0.015024
0.0076549
0.0078087
0.012712
0.018955
0.022354
0.017271
0.0061449
-0.0011214
0.00013103
0.0088378
0.016896
0.01493
0.0086465
0.0070824
0.0078798
0.0072136
0.0096865
0.019457
0.027632
0.022414
0.0090274
0.00076103
-0.0030579
-0.012891
-0.026688
-0.031734
-0.025369
-0.016228
-0.0085197
0.00051295
0.010746
0.020761
0.028336
0.026694
0.016378
0.0085131
0.009563
0.015556
0.019223
0.018225
0.016764
0.018224
0.019204
0.015279
0.0072814
-0.0021604
-0.012318
-0.018241
-0.01357
-0.0049592
-0.0033409
-0.0059135
-0.0056593
-0.0046359
-0.006902
-0.011555
