0.012638
0.01549
0.013577
0.0064952
0.00013259
0.0015575
0.010308
0.016997
0.016339
0.01832
0.03972
0.074056
0.091436
0.086447
0.078576
0.072835
0.066233
0.061505
0.061103
0.061161
0.054533
0.043835
0.034473
0.028327
0.032441
0.044567
0.049299
0.046185
0.045694
0.051524
0.065585
0.081292
0.079624
0.054628
0.026092
0.018121
0.035588
0.066714
0.093692
0.10589
0.10372
0.08313
0.04671
0.014004
-0.0043631
-0.010797
-0.0014061
0.028438
0.069446
0.104
0.1223
0.12554
0.12557
0.13316
0.14489
0.15225
0.15895
0.16684
0.15758
0.11812
0.061015
0.0071422
-0.028223
-0.040958
-0.037553
-0.025129
-0.0045147
0.015232
0.015033
0.0028135
0.0071238
0.031635
0.056789
0.071405
0.069975
0.047494
0.016992
0.0037171
0.013922
0.028934
0.034608
0.037594
0.040964
0.038846
0.033871
0.028881
0.024953
0.027701
0.039012
0.051619
0.057282
0.053336
0.041758
0.02612
0.011434
0.0011822
-0.005695
-0.010055
-0.010525
-0.004762
0.0089502
0.025024
0.035478
0.037484
0.028329
0.009698
-0.0093238
-0.024031
-0.034844
-0.043957
-0.054965
-0.065527
