-0.0047886
-0.0080682
-0.0034155
0.003041
0.0033381
0.0011253
0.0037927
0.0085013
0.010221
0.01904
0.042413
0.064063
0.064683
0.048041
0.03231
0.028723
0.040188
0.061157
0.079789
0.0931
0.10575
0.11871
0.12791
0.13254
0.1345
0.12492
0.096624
0.061366
0.030178
0.0071373
-0.0011645
0.0025995
0.0063642
0.0051403
0.0050208
0.012242
0.019714
0.02003
0.017257
0.014934
0.015028
0.015057
0.013087
0.021253
0.044908
0.061156
0.046391
0.012754
-0.0026439
0.013933
0.035443
0.035396
0.021577
0.016902
0.022496
0.025522
0.024972
0.027907
0.030952
0.02474
0.0121
0.0024485
-0.0015641
-0.00082477
0.0037615
0.018272
0.046641
0.074376
0.092111
0.11026
0.13119
0.14245
0.13126
0.089239
0.031148
-0.012787
-0.019689
0.011161
0.048267
0.060131
0.050542
0.036015
0.027696
0.033434
0.041471
0.030394
0.0085294
-0.0021555
-0.0037989
-0.0055639
-0.0089408
-0.012092
-0.011042
-0.0065247
0.002398
0.02196
0.052476
0.079227
0.080265
0.057965
0.036835
0.025352
0.014434
0.0030642
-1.2274e-05
0.0084808
0.027668
0.05049
0.064754
0.05877
0.034381
0.008696
