0.033433
0.041283
0.042334
0.043182
0.053834
0.06185
0.053972
0.039963
0.026661
0.022838
0.032442
0.036451
0.027998
0.025789
0.044831
0.081187
0.10402
0.089092
0.062176
0.044059
0.019969
-0.0079994
-0.019197
-0.013883
-0.0030539
0.0089141
0.020342
0.031715
0.038928
0.039016
0.048025
0.069713
0.076277
0.056635
0.038724
0.036761
0.028735
0.005568
-0.012277
-0.011961
-0.013333
-0.031787
-0.042088
-0.026669
-0.0015428
0.016491
0.014165
-0.0090548
-0.030672
-0.028557
-0.0049627
0.0065825
-0.016293
-0.05592
-0.081819
-0.081719
-0.073612
-0.069731
-0.053723
-0.020444
0.016467
0.051259
0.070119
0.055589
0.021497
0.001002
0.0082618
0.029804
0.047483
0.054408
0.051646
0.043435
0.032645
0.019116
0.0036951
-0.011956
-0.020142
-0.016455
-0.022398
-0.045744
-0.059883
-0.057287
-0.065374
-0.090733
-0.10142
-0.086762
-0.072149
-0.063289
-0.047136
-0.02847
-0.018398
-0.015613
-0.010784
0.00045155
0.012545
0.018314
0.017631
0.019705
0.034912
0.055675
0.060537
0.045811
0.025821
0.0088785
-0.0007564
-0.00085279
0.0024135
