0.035437
0.051185
0.068163
0.067196
0.043041
0.021519
0.022014
0.02895
0.02092
0.0023776
-0.015974
-0.034868
-0.047237
-0.03552
0.00081353
0.038913
0.067509
0.092468
0.10549
0.10809
0.11366
0.11054
0.091394
0.073048
0.061361
0.046183
0.033388
0.035051
0.037709
0.026992
0.018319
0.025369
0.039677
0.046444
0.038769
0.027006
0.024678
0.024344
0.014703
0.0046008
0.0074111
0.017973
0.021973
0.015768
0.0042949
0.0010256
0.017801
0.051995
0.091396
0.12057
0.12023
0.084682
0.041615
0.020737
0.025097
0.046238
0.074909
0.094503
0.086725
0.053848
0.023415
0.018396
0.036042
0.060239
0.085354
0.1055
0.10012
0.064448
0.01905
-0.014089
-0.022933
-0.010681
0.01167
0.039079
0.061274
0.062796
0.041584
0.016027
0.0052622
0.011165
0.025156
0.036295
0.036945
0.02635
0.01162
0.0030522
-0.0043414
-0.015609
-0.012672
0.015145
0.049362
0.065903
0.059542
0.040846
0.022602
0.012627
0.012945
0.018064
0.017336
0.01113
0.0038074
-0.0078588
-0.020467
-0.025991
-0.023927
-0.020942
-0.016549
-0.0021865
0.019541
0.034509
0.034847
0.020842
0.00029494
-0.012436
-0.0081285
0.0074239
0.021512
0.026955
0.022994
0.014276
0.010014
0.016364
0.028547
0.035987
0.032664
0.020903
0.0088747
0.003895
0.001736
-0.0039412
-0.0032597
0.018379
0.051538
0.062992
0.043228
0.021365
0.011166
0.0025813
-0.0076636
-0.013102
-0.009962
-0.003217
0.0032768
0.010377
0.014699
0.010442
-0.0022629
-0.017541
-0.028715
-0.03607
-0.045254
-0.054592
-0.052072
-0.038241
-0.02862
-0.02675
-0.026528
-0.023802
-0.0179
-0.011553
-0.0062732
-0.0037044
-0.0072974
-0.018023
-0.029056
-0.033445
-0.033979
-0.03218
-0.02789
-0.026968
-0.030919
