0.033408
0.033697
0.028693
0.016981
0.0061861
0.0062368
0.013695
0.01812
0.014759
0.006224
-0.00173
-0.0029369
0.0024783
0.003963
-0.0023838
-0.0054501
-0.0079004
-0.019533
-0.026452
-0.017893
-0.0074782
-0.0034679
-0.0057393
-0.017824
-0.030641
-0.025589
-0.0022312
0.01995
0.024733
0.014535
0.0011004
-0.0094384
-0.012542
-0.0056291
0.0023041
0.0015823
-0.0066828
-0.016672
-0.022423
-0.020114
-0.014503
-0.012118
-0.0040778
0.022513
0.058514
0.081541
0.084061
0.073641
0.059065
0.043282
0.029288
0.020301
0.016179
0.015303
0.015456
0.019335
0.024415
0.019487
0.0078439
0.0064653
0.015704
0.019971
0.015758
0.017129
0.03696
0.06734
0.084152
0.076758
0.06144
0.052123
0.043363
0.030311
0.018168
0.016969
0.030287
0.044222
0.048174
0.048822
0.044751
0.031881
0.022314
0.020978
0.019998
0.017123
0.017527
0.018661
0.0098982
-0.0070033
-0.019033
-0.018441
-0.010331
-0.004831
-0.0069231
-0.013688
-0.012318
0.0070275
0.034953
0.051957
0.048523
0.039929
0.044186
0.051955
0.050931
0.047472
0.046465
0.043669
0.036473
0.028625
0.023553
0.020185
0.017835
0.014492
0.009174
0.0032854
-0.005345
-0.014753
-0.015068
-0.0032724
0.016444
0.039015
0.055391
0.057688
0.047458
0.032829
0.019932
0.011403
0.0084578
0.0074993
0.0028948
-0.0049794
-0.0097731
-0.0055221
0.0038838
0.0087334
0.0086449
0.00678
0.0035833
0.0060893
0.018656
0.031558
0.031926
0.017183
-0.0042757
-0.018504
-0.021929
-0.021232
-0.015553
-0.0038476
0.0055777
0.007094
0.0042443
0.0073078
0.019147
0.025796
0.018478
0.0073328
0.0016324
0.00027212
0.00059819
0.002772
0.0076717
0.013442
0.019547
0.031236
0.044233
0.047179
0.045932
0.046744
0.042084
0.028861
0.011415
-0.0039417
-0.010028
-0.0067497
-0.00059271
0.0037949
0.001584
-0.011793
-0.031273
-0.045036
-0.045456
-0.033215
-0.01652
-0.0062105
-0.0068285
-0.01014
-0.0098779
-0.011548
-0.017795
-0.022998
-0.021646
-0.015631
