0.023687
0.039276
0.061064
0.080062
0.085126
0.089298
0.11178
0.12846
0.10154
0.042309
-0.0083786
-0.026696
-0.019465
-0.012261
-0.01595
-0.010292
0.031501
0.10022
0.13839
0.11031
0.056173
0.023027
0.013311
0.012001
0.0093332
0.0081384
0.024333
0.060997
0.088327
0.071252
0.013705
-0.041802
-0.062266
-0.060282
-0.065455
-0.073733
-0.070389
-0.068004
-0.072919
-0.069698
-0.049886
-0.022726
-0.0058402
-0.0038206
-0.011687
-0.021525
-0.022116
-0.018195
-0.023522
-0.032458
-0.022284
0.013223
0.052153
0.075157
0.079392
0.067276
0.052342
0.052528
0.062327
0.058501
0.037838
0.021137
0.018423
0.021165
