-0.023632
-0.028184
-0.044772
-0.075287
-0.10541
-0.11365
-0.093325
-0.060156
-0.027208
0.0015179
0.018674
0.025871
0.034984
0.046489
0.052846
0.054254
0.053531
0.051177
0.040943
0.0088468
-0.036166
-0.058177
-0.045138
-0.021025
-0.0074039
-0.0014371
0.0066426
0.012515
0.016697
0.027031
0.039094
0.043639
0.041648
0.035699
0.020845
0.0055371
0.0024614
0.0051727
0.004288
0.0029876
0.0072535
0.0097272
-0.00063921
-0.019599
-0.034235
-0.035274
-0.021827
-0.005004
0.004503
0.0099616
0.015785
0.018838
0.01657
0.014417
0.019902
0.028215
0.0248
0.011823
0.0035295
-0.0012876
-0.011921
-0.027453
-0.035861
-0.027951
-0.011191
