0.025277
0.036778
0.047903
0.057516
0.061533
0.057767
0.058429
0.068843
0.07152
0.052392
0.024136
0.0036621
-0.011969
-0.032315
-0.056382
-0.075024
-0.083457
-0.076382
-0.050464
-0.017618
0.0085837
0.022875
0.027074
0.028001
0.028142
0.025333
0.019671
0.013443
0.010165
0.0087876
0.0039333
-0.0001828
0.003531
0.0085665
0.0028445
-0.012898
-0.031072
-0.046133
-0.046567
-0.03181
-0.019382
-0.019287
-0.020981
-0.010412
0.0072339
0.021285
0.032632
0.045051
0.058347
0.063449
0.048221
0.020212
-0.004887
-0.021796
-0.025338
-0.015362
-0.00071477
0.0085859
0.0030221
-0.012934
-0.018921
-0.0051522
0.009545
0.0074373
-0.0027602
-0.0083677
-0.0084101
-0.0056866
-0.0034283
-0.0019547
0.0042112
0.015785
0.02047
0.011611
0.0027314
0.0097159
0.033366
0.058209
0.069115
0.065257
0.047478
0.022608
0.0071089
0.0050333
0.0072385
0.0089222
0.01251
0.016659
0.015938
0.0092852
0.0019072
-0.001576
-0.0054324
-0.011452
-0.013378
-0.010552
-0.013115
-0.0245
-0.035171
-0.044046
-0.051429
-0.04657
-0.025154
0.0078074
0.045247
0.083443
0.12197
0.14924
0.14416
0.10783
0.069789
0.048574
0.042949
0.04604
0.046018
0.042459
0.044637
0.051272
0.057098
0.059058
0.055309
0.045964
0.031527
0.013158
-0.0022387
-0.0098745
-0.011641
-0.0086314
-0.0025619
0.0074678
0.024236
0.034832
0.028033
0.018012
0.016837
0.017693
0.010943
-0.0013351
-0.011036
-0.015801
-0.01952
-0.024888
-0.028854
-0.028326
-0.021484
-0.0085309
0.0065928
0.018623
0.026994
0.03166
0.028903
0.018742
0.0086825
0.0033836
0.0028838
0.0031945
-0.0017343
-0.01055
-0.01889
-0.020713
-0.011947
-0.00020126
0.0029182
0.00090418
0.0055613
0.013235
0.012059
0.0044257
-0.0030065
