0.017885
0.012722
0.0086419
0.0075177
0.009346
0.01186
0.010602
0.010384
0.019916
0.037476
0.055063
0.07372
0.095464
0.10985
0.10279
0.078269
0.05659
0.041329
0.025011
0.012607
0.016231
0.036666
0.05757
0.06369
0.056814
0.04616
0.036838
0.035726
0.043434
0.050339
0.054415
0.059201
0.058827
0.047462
0.036762
0.039064
0.044025
0.039597
0.034255
0.032338
0.023935
0.0079491
-0.0072011
-0.013647
-0.0080119
0.0053221
0.022742
0.047306
0.076754
0.091552
0.077657
0.050842
0.029232
0.0086851
-0.013831
-0.0253
-0.021562
-0.01649
-0.016272
-0.01251
-0.0069838
-0.008327
-0.0058593
0.016669
0.045007
0.050906
0.035507
0.015796
0.001282
0.00097527
0.010156
0.012322
0.0086599
0.0098784
0.016055
0.020922
0.020848
0.01535
0.0062263
-0.002095
-0.0040686
0.0024989
0.011876
0.017642
0.021297
0.024006
0.022615
0.020958
0.024706
0.028468
0.023812
0.010893
-0.0012355
-0.0017631
0.0097134
0.028522
0.056145
0.081339
0.082535
0.065459
0.049294
0.037346
0.028084
0.020273
0.010511
0.0011135
-0.001568
0.0034773
0.013564
0.023296
0.026547
0.023793
0.019212
0.016496
0.01685
0.01711
0.013819
0.0031848
-0.014442
-0.029686
-0.035213
-0.029371
-0.016816
-0.0074069
-0.00393
0.00029977
0.0079929
0.012989
0.01242
0.0081389
0.00066161
-0.0078394
