0.017677
0.029511
0.040563
0.043787
0.041223
0.040359
0.040063
0.03721
0.033632
0.03056
0.033546
0.051863
0.083704
0.11485
0.12987
0.12322
0.10704
0.093041
0.07269
0.039183
0.002491
-0.015591
-0.0049022
0.016034
0.026503
0.025083
0.020093
0.018041
0.022566
0.026928
0.021563
0.011744
0.0093859
0.021435
0.045846
0.068373
0.071669
0.055641
0.040273
0.041824
0.051204
0.053595
0.051914
0.049035
0.034806
0.0096745
-0.0075763
-0.0079342
-0.0033807
-0.008437
-0.023817
-0.033573
-0.027866
-0.012646
0.0067973
0.027025
0.042365
0.047808
0.044658
0.040844
0.044494
0.054945
0.059539
0.051536
0.040022
0.029959
0.016657
-0.00066722
-0.016358
-0.023232
-0.022496
-0.021077
-0.021531
-0.022595
-0.020714
-0.014779
-0.0089136
-0.0090769
-0.014978
-0.015257
-0.004213
0.0097403
0.023747
0.037586
0.047963
0.054798
0.050887
0.032503
0.017549
0.021578
0.031929
0.027131
0.0072983
-0.010291
-0.011795
-0.0026453
-0.00061985
-0.0050106
-0.0022245
0.0042204
0.0071144
0.011506
0.014842
0.0087498
-0.0058922
-0.02035
-0.026975
-0.02843
-0.027743
-0.022108
-0.016165
-0.018606
-0.026739
-0.033924
-0.039203
-0.045193
-0.053757
-0.059209
-0.057145
-0.05373
-0.052661
-0.051505
-0.04831
-0.040532
-0.031181
