-0.0090899
-0.0095952
-0.004444
0.011544
0.035296
0.048229
0.039265
0.025521
0.026808
0.036981
0.039294
0.033539
0.028759
0.018906
-0.0029428
-0.024717
-0.036318
-0.038144
-0.028582
-0.014177
-0.0064863
0.0008613
0.016951
0.038796
0.068248
0.10934
0.14427
0.13671
0.08077
0.021835
-0.0096468
-0.024764
-0.031391
-0.020999
0.0077847
0.034547
0.045626
0.047152
0.038741
0.02076
0.0021214
-0.0078338
-0.0040542
0.0017746
-0.00085826
-0.0012163
0.010056
0.032221
0.060831
0.078547
0.061472
0.016404
-0.020802
-0.035439
-0.036673
-0.027795
-0.0081375
0.016291
0.030829
0.020098
-0.0090402
-0.034732
-0.04501
-0.0382
-0.026943
-0.023807
-0.022024
-0.011571
0.0073938
0.025456
0.031072
0.023068
0.010665
0.0011099
-0.0054275
-0.0097102
-0.011248
-0.010614
-0.0089758
-0.0055639
0.0059279
0.023503
0.032262
0.030988
0.029432
0.028164
0.02504
0.018955
0.006568
-0.011538
-0.027399
-0.032107
-0.025638
-0.016949
-0.011026
