-0.0060643
-0.0073737
0.0043058
0.022778
0.043154
0.073586
0.11433
0.1528
0.16446
0.13723
0.089123
0.040732
0.0045684
-0.0084037
-0.00027314
0.0095737
0.01461
0.022379
0.03667
0.06139
0.085421
0.087201
0.067616
0.042352
0.018647
-0.006668
-0.02832
-0.037064
-0.034796
-0.025373
-0.0063622
0.021133
0.040011
0.034546
0.017622
0.01346
0.033266
0.062588
0.070858
0.051947
0.028066
0.015099
0.013974
0.01806
0.0209
0.01553
0.00062058
-0.0089418
-0.0045642
0.0035241
0.0036671
-0.0021271
-0.0029455
0.00088745
0.0078002
0.019655
0.019626
-0.0036323
-0.020711
-0.0094324
0.012384
0.022027
0.014582
0.00062607
-0.0099181
-0.019048
-0.032509
-0.045846
-0.048828
-0.041849
-0.038223
-0.041154
-0.038076
-0.031846
-0.030378
-0.024792
-0.011351
-0.0032559
-0.0090623
-0.018844
-0.020537
-0.015436
