0.0058507
0.014513
0.029516
0.046684
0.058098
0.062931
0.067454
0.070607
0.065079
0.05012
0.033305
0.02632
0.035722
0.056331
0.074773
0.08346
0.085345
0.080751
0.064629
0.044013
0.040699
0.071781
0.12315
0.1512
0.13596
0.10464
0.080353
0.066159
0.068713
0.09765
0.13903
0.15962
0.15162
0.12949
0.10196
0.084343
0.090942
0.11111
0.12303
0.12204
0.11304
0.10339
0.10462
0.11502
0.11822
0.10906
0.094865
0.07479
0.05038
0.036865
0.041326
0.05646
0.077535
0.09798
0.10499
0.099296
0.093641
0.091325
0.091355
0.092801
0.087203
0.071567
0.058318
0.062124
0.077346
0.090635
0.10094
0.11176
0.12179
0.12762
0.12652
0.11595
0.094293
0.06545
0.0365
0.017543
0.016897
0.025584
0.026205
0.019166
0.014503
0.017392
0.030411
0.045658
0.052754
0.055273
0.055187
0.051568
0.05804
0.083451
0.10756
0.11005
0.09509
0.073537
0.055037
0.04689
0.049103
0.054482
0.052593
0.039562
0.027078
0.028474
0.044192
0.069361
0.098776
0.12337
0.13062
0.11749
0.087947
0.048741
0.017819
0.014205
0.033274
0.050903
0.053138
0.043706
0.030467
0.018828
