-0.017965
-0.029018
-0.037911
-0.040251
-0.038144
-0.030894
-0.012322
0.011937
0.024598
0.027649
0.03646
0.048193
0.051366
0.046995
0.040207
0.032523
0.025597
0.022809
0.028334
0.043635
0.061491
0.073695
0.077476
0.066356
0.04339
0.029081
0.030299
0.030587
0.023028
0.01761
0.02104
0.03127
0.043862
0.050324
0.045404
0.041603
0.051376
0.061393
0.051186
0.031067
0.022517
0.025475
0.028154
0.027955
0.036595
0.056708
0.072953
0.069992
0.048081
0.023793
0.0081945
-0.00072472
-0.0074559
-0.012507
-0.017206
-0.024601
-0.035178
-0.046547
-0.05292
-0.052739
-0.050274
-0.045196
-0.034882
-0.022185
-0.011436
0.00073051
0.02227
0.04896
0.065439
0.067683
0.068623
0.082357
0.10328
0.10778
0.08781
0.057991
0.035808
0.028352
0.031954
0.041036
0.050588
0.062984
0.085229
0.10201
0.092159
0.067206
0.048394
0.040325
0.038454
0.037461
0.032617
0.026444
0.028007
0.038724
0.051275
0.06072
0.059423
0.043025
0.026821
0.023139
0.023187
0.019575
0.018603
0.023266
0.030927
0.037958
0.038427
0.032687
0.019489
-0.0085415
-0.046471
-0.069916
-0.061181
-0.033686
-0.0098096
0.0048384
0.012751
0.016414
0.014205
0.0047307
-0.0043933
-0.0054891
-0.00027758
