0.037304
0.032542
0.02666
0.030621
0.052096
0.0903
0.12
0.11162
0.076666
0.044532
0.018964
-0.0042836
-0.013534
-0.0056227
0.0052539
0.019069
0.051644
0.098111
0.12586
0.11291
0.07961
0.058456
0.056715
0.061823
0.055906
0.03522
0.016284
0.0149
0.024882
0.022763
0.0036823
-0.010563
-0.0076757
0.006239
0.028848
0.066937
0.11282
0.13625
0.12667
0.10787
0.091362
0.072023
0.053245
0.042995
0.044095
0.056943
0.068984
0.060147
0.034928
0.0085008
-0.013447
-0.022607
-0.015101
0.0015833
0.022859
0.045108
0.05852
0.061268
0.055811
0.040851
0.024899
0.021534
0.029462
0.034793
0.027315
0.00946
-0.002672
0.0022853
0.017235
0.0341
0.04663
0.051382
0.057972
0.064904
0.058043
0.041104
0.027812
0.020864
0.015183
0.010298
0.0099595
0.013875
0.018271
0.022871
0.025097
0.020786
0.01277
0.0051938
-0.00013361
-0.0030232
-0.0094755
-0.020388
-0.023656
-0.015108
-0.0081367
-0.0086223
-0.0036798
0.010511
0.019489
0.012613
-0.004009
-0.014854
-0.014961
-0.013016
-0.011227
-0.0068654
-0.0025171
-0.00053353
-6.5595e-05
-4.9238e-06
-2.5235e-07
