0.033013
0.046305
0.075652
0.11681
0.14375
0.13951
0.11181
0.077957
0.064339
0.087315
0.11803
0.11116
0.076869
0.065594
0.079519
0.075127
0.04497
0.021522
0.023383
0.041474
0.054463
0.052586
0.049522
0.061682
0.088879
0.10955
0.099065
0.063293
0.027941
0.010927
0.020007
0.053493
0.093918
0.11922
0.12217
0.10566
0.073046
0.038107
0.020284
0.023696
0.038203
0.048585
0.047092
0.038341
0.024723
0.011598
0.010051
0.013626
0.011193
0.0076226
0.0080574
0.0063697
-0.0001107
0.00015466
0.015774
0.037986
0.051699
0.051683
0.043432
0.035145
0.029248
0.021798
0.011446
0.004251
0.0075001
0.019756
0.032819
0.039088
0.03188
0.010875
-0.0089457
-0.012818
-0.0034747
0.007472
0.0086544
-0.00052677
-0.0083519
-0.0085039
-0.0033747
0.0038726
0.010405
0.012605
0.0044967
-0.010893
-0.018893
-0.016997
-0.017326
-0.023014
-0.023913
-0.011131
0.0092296
0.021055
0.021269
0.018188
0.016829
0.015271
0.010211
0.0056596
0.0095742
0.027264
0.05372
0.072434
0.077913
0.080793
0.081702
0.072853
0.057787
0.045631
0.036307
0.024718
0.014093
0.011989
0.016061
0.015554
0.0058729
-0.0054793
-0.011199
-0.0084603
0.0028619
0.017868
0.028639
0.030085
0.026195
0.028855
0.043451
0.058254
0.05697
0.0393
0.020734
0.010273
0.0031463
-0.0040916
-0.0075772
-0.00016952
0.019148
0.040338
0.049468
0.046104
0.042543
0.042442
0.038162
0.02649
0.016008
0.015002
0.019114
0.020351
0.020387
0.022414
0.026259
0.037098
0.054674
0.06547
0.061773
0.049563
0.03983
0.038217
0.040934
0.042468
0.039978
0.036215
0.033948
0.028634
0.018224
0.011535
0.017362
0.034645
0.057175
0.074648
0.07332
0.050941
0.024727
0.0096343
0.0029952
-0.00060881
0.0011262
0.0080004
0.012397
0.0094713
0.0040805
0.0022296
0.0059827
0.014239
0.019015
0.01454
0.01091
0.018781
0.027825
0.023791
0.014099
0.0085631
0.0049767
0.0015273
-0.0015674
-0.0051496
-0.0084028
-0.0099417
-0.010076
-0.0080576
0.0003722
0.018183
0.035086
0.036582
0.025927
0.017554
0.020205
0.03348
0.045591
0.042958
0.032085
0.031837
0.047973
0.067512
0.077103
0.073712
0.058901
0.041749
0.0337
0.034057
0.032003
0.020071
0.0036774
-0.0042511
-0.00070466
0.0061233
0.013945
0.029379
0.048507
0.056676
0.053827
0.049604
0.040776
0.020898
-0.004242
-0.020913
-0.021996
-0.015373
-0.010131
-0.0073241
-0.0067217
-0.0063454
-0.0024649
0.0043023
0.0086935
0.0059589
-0.0010306
-0.0038687
0.0023341
0.013554
0.017058
0.0084945
-0.0023522
-0.0096295
-0.011046
-0.0043499
0.0045006
0.0092506
0.011771
0.017784
0.031961
0.050239
0.060605
0.057012
0.045976
0.038088
0.03691
0.038769
